Datetime,open,high,low,close,volume
2020-03-30 09:15:00,2283.0,2300.0,2283.0,2294.800048828125,0.0
2020-03-30 09:20:00,2276.050048828125,2299.949951171875,2200.0,2259.64990234375,224.0
2020-03-30 09:25:00,2251.300048828125,2251.300048828125,2234.550048828125,2234.550048828125,26.0
2020-03-30 09:30:00,2247.800048828125,2247.800048828125,2236.0,2236.10009765625,31.0
2020-03-30 09:35:00,2236.10009765625,2250.0,2236.10009765625,2250.0,69.0
2020-03-30 09:40:00,2240.800048828125,2265.14990234375,2240.800048828125,2265.14990234375,42.0
2020-03-30 09:45:00,2264.0,2270.75,2264.0,2270.75,6.0
2020-03-30 09:50:00,2275.0,2275.0,2248.0,2248.0,73.0
2020-03-30 09:55:00,2269.949951171875,2272.89990234375,2251.300048828125,2272.89990234375,45.0
2020-03-30 10:05:00,2275.0,2284.64990234375,2275.0,2276.050048828125,51.0
2020-03-30 10:15:00,2284.60009765625,2284.60009765625,2275.0,2275.0,23.0
2020-03-30 10:20:00,2274.89990234375,2274.89990234375,2274.85009765625,2274.85009765625,5.0
2020-03-30 10:25:00,2274.949951171875,2274.949951171875,2268.0,2268.0,3.0
2020-03-30 10:30:00,2267.949951171875,2284.75,2266.550048828125,2284.75,118.0
2020-03-30 10:35:00,2250.0,2260.0,2248.0,2248.14990234375,219.0
2020-03-30 10:40:00,2249.949951171875,2250.0,2244.0,2250.0,86.0
2020-03-30 10:45:00,2250.0,2250.0,2241.10009765625,2241.10009765625,30.0
2020-03-30 10:50:00,2241.10009765625,2243.699951171875,2236.10009765625,2236.10009765625,8.0
2020-03-30 10:55:00,2236.10009765625,2242.0,2214.89990234375,2214.89990234375,54.0
2020-03-30 11:00:00,2215.050048828125,2242.0,2215.050048828125,2241.949951171875,31.0
2020-03-30 11:05:00,2241.949951171875,2241.949951171875,2241.949951171875,2241.949951171875,21.0
2020-03-30 11:10:00,2234.949951171875,2234.949951171875,2219.949951171875,2220.0,108.0
2020-03-30 11:15:00,2220.0,2278.0,2220.0,2278.0,218.0
2020-03-30 11:20:00,2225.25,2251.14990234375,2225.25,2251.14990234375,3.0
2020-03-30 11:25:00,2230.0,2230.0,2230.0,2230.0,0.0
2020-03-30 11:30:00,2234.800048828125,2234.800048828125,2234.800048828125,2234.800048828125,1548.0
2020-03-30 11:45:00,2239.800048828125,2240.0,2230.0,2230.0,166.0
2020-03-30 11:50:00,2237.699951171875,2237.699951171875,2237.699951171875,2237.699951171875,17.0
2020-03-30 11:55:00,2238.85009765625,2239.5,2238.85009765625,2239.5,12.0
2020-03-30 12:00:00,2239.60009765625,2239.60009765625,2215.050048828125,2215.050048828125,81.0
2020-03-30 12:05:00,2210.60009765625,2222.800048828125,2210.60009765625,2222.800048828125,4.0
2020-03-30 12:10:00,2220.0,2220.0,2220.0,2220.0,0.0
2020-03-30 12:15:00,2218.949951171875,2222.800048828125,2218.949951171875,2222.800048828125,1865.0
2020-03-30 12:20:00,2222.800048828125,2222.800048828125,2222.800048828125,2222.800048828125,0.0
2020-03-30 12:25:00,2222.800048828125,2222.800048828125,2218.0,2218.0,148.0
2020-03-30 12:35:00,2217.949951171875,2217.949951171875,2215.949951171875,2216.0,0.0
2020-03-30 12:40:00,2215.14990234375,2215.14990234375,2215.14990234375,2215.14990234375,0.0
2020-03-30 12:45:00,2215.949951171875,2216.0,2215.949951171875,2216.0,2019.0
2020-03-30 12:50:00,2216.0,2216.0,2205.10009765625,2205.10009765625,42.0
2020-03-30 12:55:00,2208.800048828125,2210.0,2208.800048828125,2210.0,23.0
2020-03-30 13:00:00,2211.0,2211.0,2206.050048828125,2206.050048828125,5.0
2020-03-30 13:05:00,2211.0,2211.0,2211.0,2211.0,10.0
2020-03-30 13:10:00,2211.0,2211.0,2202.35009765625,2203.300048828125,67.0
2020-03-30 13:15:00,2211.0,2211.0,2210.800048828125,2211.0,152.0
2020-03-30 13:20:00,2211.0,2211.0,2210.800048828125,2210.800048828125,20.0
2020-03-30 13:25:00,2210.800048828125,2211.050048828125,2210.800048828125,2211.050048828125,46.0
2020-03-30 13:30:00,2202.0,2202.0,2202.0,2202.0,238.0
2020-03-30 13:35:00,2202.0,2209.10009765625,2202.0,2209.10009765625,64.0
2020-03-30 13:40:00,2209.0,2210.0,2199.10009765625,2199.10009765625,117.0
2020-03-30 13:45:00,2199.300048828125,2201.39990234375,2199.25,2201.39990234375,11.0
2020-03-30 13:50:00,2201.5,2201.5,2195.0,2195.0,27.0
2020-03-30 13:55:00,2193.0,2193.0,2193.0,2193.0,3.0
2020-03-30 14:00:00,2202.0,2202.0,2193.5,2193.5,16.0
2020-03-30 14:05:00,2202.0,2202.0,2194.25,2194.25,6.0
2020-03-30 14:10:00,2202.0,2202.0,2202.0,2202.0,55.0
2020-03-30 14:15:00,2202.0,2216.0,2202.0,2215.85009765625,216.0
2020-03-30 14:20:00,2215.949951171875,2215.949951171875,2215.949951171875,2215.949951171875,14.0
2020-03-30 14:25:00,2215.949951171875,2216.0,2210.25,2216.0,16.0
2020-03-30 14:30:00,2211.0,2215.5,2211.0,2215.5,16.0
2020-03-30 14:35:00,2215.0,2220.0,2212.5,2218.0,100.0
2020-03-30 14:40:00,2215.0,2224.949951171875,2215.0,2223.699951171875,0.0
2020-03-30 14:45:00,2222.5,2247.64990234375,2215.199951171875,2215.199951171875,3466.0
2020-03-30 14:50:00,2215.0,2221.39990234375,2215.0,2215.35009765625,338.0
2020-03-30 14:55:00,2224.89990234375,2224.89990234375,2215.050048828125,2224.0,54.0
2020-03-30 15:00:00,2218.0,2218.0,2215.0,2215.0,77.0
2020-03-30 15:05:00,2217.85009765625,2218.5,2215.0,2215.050048828125,46.0
2020-03-30 15:10:00,2221.10009765625,2222.75,2215.0,2222.0,92.0
2020-03-30 15:15:00,2222.0,2224.0,2215.0,2215.0,419.0
2020-03-30 15:20:00,2215.0,2219.5,2182.800048828125,2190.0,919.0
2020-03-30 15:25:00,2188.85009765625,2212.0,2150.0,2203.550048828125,425.0
2020-03-31 09:15:00,2220.0,2294.0,2200.0,2205.0,0.0
2020-03-31 09:20:00,2224.800048828125,2224.800048828125,2197.949951171875,2197.949951171875,5.0
2020-03-31 09:25:00,2203.64990234375,2205.0,2150.0,2162.64990234375,125.0
2020-03-31 09:30:00,2165.300048828125,2189.64990234375,2163.25,2189.64990234375,19.0
2020-03-31 09:35:00,2189.64990234375,2189.64990234375,2189.64990234375,2189.64990234375,7.0
2020-03-31 09:40:00,2189.199951171875,2190.0,2189.199951171875,2190.0,18.0
2020-03-31 09:45:00,2190.0,2190.0,2188.0,2188.0,34.0
2020-03-31 09:50:00,2150.0,2182.0,2150.0,2166.5,207.0
2020-03-31 09:55:00,2170.0,2209.0,2170.0,2183.949951171875,31.0
2020-03-31 10:00:00,2203.10009765625,2203.14990234375,2173.0,2173.0,47.0
2020-03-31 10:05:00,2192.050048828125,2192.050048828125,2192.050048828125,2192.050048828125,8.0
2020-03-31 10:10:00,2180.050048828125,2180.050048828125,2180.050048828125,2180.050048828125,0.0
2020-03-31 10:25:00,2197.75,2197.75,2197.75,2197.75,11.0
2020-03-31 10:30:00,2180.0,2180.5,2180.0,2180.14990234375,113.0
2020-03-31 10:35:00,2173.0,2180.39990234375,2173.0,2180.39990234375,19.0
2020-03-31 10:45:00,2183.5,2183.5,2180.300048828125,2180.300048828125,3.0
2020-03-31 10:50:00,2192.300048828125,2205.85009765625,2192.300048828125,2201.050048828125,16.0
2020-03-31 10:55:00,2201.0,2202.300048828125,2201.0,2201.0,132.0
2020-03-31 11:00:00,2209.89990234375,2209.89990234375,2209.89990234375,2209.89990234375,27.0
2020-03-31 11:05:00,2195.199951171875,2195.199951171875,2175.0,2175.0,146.0
2020-03-31 11:10:00,2175.0,2179.050048828125,2175.0,2179.050048828125,48.0
2020-03-31 11:25:00,2189.0,2189.550048828125,2189.0,2189.550048828125,3.0
2020-03-31 11:45:00,2189.550048828125,2189.60009765625,2189.550048828125,2189.60009765625,5.0
2020-03-31 11:50:00,2184.35009765625,2197.550048828125,2184.10009765625,2197.550048828125,92.0
2020-03-31 12:05:00,2184.60009765625,2184.60009765625,2184.60009765625,2184.60009765625,0.0
2020-03-31 12:10:00,2185.0,2194.300048828125,2184.10009765625,2184.10009765625,62.0
2020-03-31 12:15:00,2185.0,2197.5,2185.0,2197.5,66.0
2020-03-31 12:20:00,2197.0,2197.0,2197.0,2197.0,12.0
2020-03-31 12:25:00,2196.0,2196.0,2196.0,2196.0,3.0
2020-03-31 12:30:00,2196.0,2196.0,2196.0,2196.0,4.0
2020-03-31 12:40:00,2196.0,2196.0,2193.300048828125,2194.0,7.0
2020-03-31 12:50:00,2190.0,2190.0,2190.0,2190.0,12.0
2020-03-31 12:55:00,2179.14990234375,2179.14990234375,2179.14990234375,2179.14990234375,26.0
2020-03-31 13:10:00,2175.0,2189.89990234375,2175.0,2176.050048828125,261.0
2020-03-31 13:15:00,2176.0,2176.0,2176.0,2176.0,0.0
2020-03-31 13:20:00,2183.25,2183.25,2183.25,2183.25,4.0
2020-03-31 13:25:00,2183.25,2183.25,2180.10009765625,2180.10009765625,15.0
2020-03-31 13:35:00,2200.0,2215.949951171875,2200.0,2215.949951171875,155.0
2020-03-31 13:40:00,2216.64990234375,2216.64990234375,2216.64990234375,2216.64990234375,1.0
2020-03-31 13:45:00,2209.949951171875,2209.949951171875,2209.949951171875,2209.949951171875,1.0
2020-03-31 13:50:00,2200.0,2209.89990234375,2200.0,2200.300048828125,21.0
2020-03-31 14:00:00,2200.85009765625,2200.85009765625,2200.85009765625,2200.85009765625,26.0
2020-03-31 14:05:00,2200.75,2200.75,2200.300048828125,2200.300048828125,19.0
2020-03-31 14:10:00,2200.300048828125,2200.300048828125,2200.300048828125,2200.300048828125,0.0
2020-03-31 14:15:00,2200.0,2204.949951171875,2200.0,2200.0,42.0
2020-03-31 14:20:00,2200.0,2207.300048828125,2200.0,2207.14990234375,16.0
2020-03-31 14:25:00,2208.10009765625,2208.10009765625,2208.10009765625,2208.10009765625,1.0
2020-03-31 14:30:00,2209.949951171875,2222.050048828125,2209.949951171875,2222.050048828125,150.0
2020-03-31 14:35:00,2224.949951171875,2251.75,2221.5,2246.14990234375,303.0
2020-03-31 14:40:00,2233.64990234375,2233.64990234375,2233.64990234375,2233.64990234375,15.0
2020-03-31 14:45:00,2239.699951171875,2309.14990234375,2239.699951171875,2309.14990234375,434.0
2020-03-31 14:50:00,2303.35009765625,2324.949951171875,2299.35009765625,2313.0,308.0
2020-03-31 14:55:00,2311.25,2319.85009765625,2299.949951171875,2319.85009765625,232.0
2020-03-31 15:00:00,2315.60009765625,2318.35009765625,2312.10009765625,2318.35009765625,178.0
2020-03-31 15:05:00,2314.0,2317.89990234375,2299.949951171875,2313.0,420.0
2020-03-31 15:10:00,2313.0,2315.0,2300.449951171875,2313.0,189.0
2020-03-31 15:15:00,2314.89990234375,2314.89990234375,2313.0,2313.0,334.0
2020-03-31 15:20:00,2313.050048828125,2313.050048828125,2305.0,2311.949951171875,393.0
2020-03-31 15:25:00,2312.0,2317.199951171875,2311.449951171875,2311.449951171875,247.0
2020-04-01 09:15:00,2300.0,2300.0,2299.550048828125,2299.550048828125,0.0
2020-04-01 09:20:00,2282.0,2282.0,2276.550048828125,2276.550048828125,17.0
2020-04-01 09:25:00,2273.64990234375,2273.64990234375,2273.64990234375,2273.64990234375,17.0
2020-04-01 09:30:00,2280.0,2280.0,2275.0,2275.0,8.0
2020-04-01 09:35:00,2275.0,2275.0,2271.050048828125,2275.0,4.0
2020-04-01 09:45:00,2271.0,2271.0,2260.0,2260.0,14.0
2020-04-01 09:50:00,2264.85009765625,2264.85009765625,2251.10009765625,2253.0,20.0
2020-04-01 09:55:00,2253.14990234375,2253.14990234375,2253.14990234375,2253.14990234375,2.0
2020-04-01 10:00:00,2253.25,2253.25,2233.25,2233.25,100.0
2020-04-01 10:05:00,2233.5,2239.949951171875,2227.25,2230.0,38.0
2020-04-01 10:10:00,2229.550048828125,2229.89990234375,2222.5,2222.5,71.0
2020-04-01 10:15:00,2229.25,2229.60009765625,2219.949951171875,2222.800048828125,39.0
2020-04-01 10:20:00,2225.0,2225.0,2225.0,2225.0,20.0
2020-04-01 10:25:00,2225.0,2225.0,2225.0,2225.0,17.0
2020-04-01 10:35:00,2228.449951171875,2228.60009765625,2220.0,2228.39990234375,31.0
2020-04-01 10:40:00,2231.39990234375,2231.949951171875,2231.39990234375,2231.949951171875,16.0
2020-04-01 10:45:00,2231.949951171875,2231.949951171875,2231.949951171875,2231.949951171875,0.0
2020-04-01 10:50:00,2231.949951171875,2231.949951171875,2231.949951171875,2231.949951171875,3.0
2020-04-01 10:55:00,2231.949951171875,2232.0,2231.949951171875,2232.0,4.0
2020-04-01 11:00:00,2228.14990234375,2232.0,2227.0,2232.0,12.0
2020-04-01 11:05:00,2232.0,2232.0,2232.0,2232.0,28.0
2020-04-01 11:10:00,2226.75,2226.75,2225.0,2225.0,13.0
2020-04-01 11:15:00,2225.0,2232.0,2225.0,2232.0,18.0
2020-04-01 11:20:00,2227.300048828125,2227.35009765625,2222.0,2222.0,36.0
2020-04-01 11:25:00,2231.35009765625,2232.0,2231.35009765625,2231.35009765625,8.0
2020-04-01 11:30:00,2232.0,2232.0,2232.0,2232.0,12.0
2020-04-01 11:35:00,2238.75,2238.75,2238.75,2238.75,0.0
2020-04-01 11:40:00,2232.60009765625,2239.0,2232.60009765625,2239.0,54.0
2020-04-01 11:55:00,2237.949951171875,2237.949951171875,2237.949951171875,2237.949951171875,1.0
2020-04-01 12:05:00,2237.85009765625,2237.85009765625,2237.85009765625,2237.85009765625,2.0
2020-04-01 12:15:00,2228.0,2228.0,2228.0,2228.0,0.0
2020-04-01 12:25:00,2228.14990234375,2228.14990234375,2228.14990234375,2228.14990234375,5.0
2020-04-01 12:40:00,2224.35009765625,2236.0,2224.35009765625,2224.35009765625,41.0
2020-04-01 12:50:00,2235.449951171875,2235.449951171875,2224.800048828125,2224.800048828125,7.0
2020-04-01 13:00:00,2220.0,2220.0,2215.0,2215.0,60.0
2020-04-01 13:05:00,2210.0,2210.0,2204.14990234375,2204.14990234375,60.0
2020-04-01 13:15:00,2221.10009765625,2221.10009765625,2221.10009765625,2221.10009765625,0.0
2020-04-01 13:20:00,2221.300048828125,2255.0,2221.300048828125,2250.800048828125,88.0
2020-04-01 13:25:00,2251.10009765625,2259.5,2251.10009765625,2259.5,2.0
2020-04-01 13:30:00,2256.949951171875,2256.949951171875,2249.949951171875,2249.949951171875,24.0
2020-04-01 13:35:00,2253.199951171875,2253.199951171875,2250.0,2250.199951171875,17.0
2020-04-01 13:40:00,2250.0,2250.199951171875,2248.0,2248.0,26.0
2020-04-01 13:55:00,2260.050048828125,2275.0,2259.14990234375,2263.89990234375,96.0
2020-04-01 14:00:00,2256.25,2262.0,2250.449951171875,2262.0,29.0
2020-04-01 14:05:00,2259.25,2259.25,2259.25,2259.25,2.0
2020-04-01 14:10:00,2250.449951171875,2257.949951171875,2250.0,2257.949951171875,35.0
2020-04-01 14:15:00,2258.35009765625,2258.35009765625,2258.35009765625,2258.35009765625,6.0
2020-04-01 14:20:00,2250.0,2252.050048828125,2250.0,2250.0,34.0
2020-04-01 14:25:00,2252.10009765625,2252.10009765625,2250.0,2250.64990234375,18.0
2020-04-01 14:30:00,2258.0,2275.0,2258.0,2275.0,76.0
2020-04-01 14:35:00,2250.10009765625,2290.0,2250.10009765625,2290.0,344.0
2020-04-01 14:40:00,2293.85009765625,2293.85009765625,2279.199951171875,2292.64990234375,37.0
2020-04-01 14:45:00,2282.35009765625,2309.449951171875,2282.35009765625,2309.449951171875,92.0
2020-04-01 14:50:00,2310.0,2325.050048828125,2302.64990234375,2325.050048828125,85.0
2020-04-01 14:55:00,2329.949951171875,2340.0,2322.949951171875,2332.800048828125,128.0
2020-04-01 15:00:00,2332.85009765625,2339.89990234375,2328.75,2328.75,43.0
2020-04-01 15:05:00,2323.0,2324.89990234375,2323.0,2324.89990234375,2.0
2020-04-01 15:10:00,2323.949951171875,2323.949951171875,2317.550048828125,2317.550048828125,15.0
2020-04-01 15:15:00,2302.64990234375,2323.0,2285.25,2323.0,396.0
2020-04-01 15:20:00,2311.5,2322.949951171875,2264.949951171875,2313.10009765625,64.0
2020-04-01 15:25:00,2301.64990234375,2309.64990234375,2277.0,2309.64990234375,58.0
2020-04-03 09:15:00,2333.949951171875,2333.949951171875,2278.10009765625,2298.199951171875,0.0
2020-04-03 09:20:00,2279.5,2287.35009765625,2276.449951171875,2287.35009765625,10.0
2020-04-03 09:25:00,2273.699951171875,2273.699951171875,2273.0,2273.0,2.0
2020-04-03 09:30:00,2268.10009765625,2272.800048828125,2250.0,2272.050048828125,81.0
2020-04-03 09:35:00,2260.0,2260.0,2260.0,2260.0,7.0
2020-04-03 09:40:00,2256.0,2256.0,2256.0,2256.0,6.0
2020-04-03 09:50:00,2256.0,2266.949951171875,2256.0,2266.949951171875,14.0
2020-04-03 10:00:00,2264.35009765625,2264.35009765625,2264.35009765625,2264.35009765625,2.0
2020-04-03 10:05:00,2264.050048828125,2264.300048828125,2264.0,2264.0,11.0
2020-04-03 10:15:00,2265.14990234375,2265.14990234375,2265.14990234375,2265.14990234375,4.0
2020-04-03 10:30:00,2260.85009765625,2270.0,2260.85009765625,2270.0,21.0
2020-04-03 10:35:00,2270.699951171875,2270.699951171875,2258.0,2258.0,6.0
2020-04-03 10:40:00,2270.699951171875,2270.699951171875,2261.949951171875,2261.949951171875,27.0
2020-04-03 10:45:00,2262.0,2262.0,2262.0,2262.0,18.0
2020-04-03 10:50:00,2262.0,2262.0,2258.0,2258.0,8.0
2020-04-03 10:55:00,2262.0,2270.0,2262.0,2270.0,27.0
2020-04-03 11:05:00,2270.0,2270.0,2263.60009765625,2269.949951171875,18.0
2020-04-03 11:10:00,2269.949951171875,2269.949951171875,2269.949951171875,2269.949951171875,18.0
2020-04-03 11:15:00,2270.0,2270.0,2270.0,2270.0,0.0
2020-04-03 11:20:00,2273.0,2273.0,2273.0,2273.0,4.0
2020-04-03 11:35:00,2265.300048828125,2265.300048828125,2265.25,2265.25,7.0
2020-04-03 11:40:00,2259.0,2259.0,2257.0,2257.0,45.0
2020-04-03 11:50:00,2257.0,2257.0,2256.85009765625,2256.85009765625,71.0
2020-04-03 12:00:00,2261.75,2261.75,2261.75,2261.75,22.0
2020-04-03 12:05:00,2257.0,2257.0,2257.0,2257.0,25.0
2020-04-03 12:10:00,2254.199951171875,2254.199951171875,2251.0,2251.0,15.0
2020-04-03 12:20:00,2251.050048828125,2251.050048828125,2250.0,2250.0,91.0
2020-04-03 12:30:00,2250.300048828125,2252.0,2250.300048828125,2252.0,64.0
2020-04-03 12:35:00,2253.050048828125,2257.60009765625,2253.050048828125,2257.60009765625,0.0
2020-04-03 12:45:00,2257.800048828125,2257.800048828125,2257.800048828125,2257.800048828125,6.0
2020-04-03 12:55:00,2255.050048828125,2257.75,2255.050048828125,2257.75,3.0
2020-04-03 13:00:00,2257.800048828125,2257.800048828125,2257.800048828125,2257.800048828125,3.0
2020-04-03 13:30:00,2257.0,2257.0,2250.10009765625,2250.10009765625,47.0
2020-04-03 13:40:00,2255.64990234375,2255.64990234375,2255.64990234375,2255.64990234375,4.0
2020-04-03 13:55:00,2264.14990234375,2264.14990234375,2264.14990234375,2264.14990234375,2.0
2020-04-03 14:05:00,2265.050048828125,2265.050048828125,2265.050048828125,2265.050048828125,2.0
2020-04-03 14:10:00,2265.10009765625,2265.10009765625,2265.10009765625,2265.10009765625,18.0
2020-04-03 14:15:00,2257.449951171875,2259.0,2257.449951171875,2259.0,0.0
2020-04-03 14:20:00,2257.39990234375,2261.800048828125,2254.10009765625,2254.10009765625,25.0
2020-04-03 14:25:00,2254.10009765625,2254.10009765625,2252.10009765625,2252.25,30.0
2020-04-03 14:30:00,2252.25,2260.39990234375,2252.050048828125,2252.050048828125,40.0
2020-04-03 14:35:00,2252.050048828125,2258.800048828125,2250.0,2250.0,50.0
2020-04-03 14:40:00,2250.0,2256.60009765625,2250.0,2256.60009765625,9.0
2020-04-03 14:45:00,2251.449951171875,2251.449951171875,2251.449951171875,2251.449951171875,0.0
2020-04-03 15:00:00,2258.89990234375,2258.89990234375,2250.0,2250.0,47.0
2020-04-03 15:05:00,2245.0,2248.699951171875,2205.550048828125,2205.550048828125,252.0
2020-04-03 15:10:00,2207.699951171875,2211.60009765625,2200.050048828125,2201.5,54.0
2020-04-03 15:15:00,2217.550048828125,2228.699951171875,2217.300048828125,2220.85009765625,20.0
2020-04-03 15:20:00,2229.449951171875,2229.449951171875,2202.800048828125,2202.800048828125,34.0
2020-04-03 15:25:00,2214.050048828125,2214.050048828125,2175.0,2206.550048828125,275.0
2020-04-07 09:15:00,2284.0,2284.0,2216.10009765625,2221.25,0.0
2020-04-07 09:20:00,2216.5,2234.050048828125,2216.5,2225.10009765625,46.0
2020-04-07 09:25:00,2236.0,2239.0,2218.39990234375,2218.39990234375,15.0
2020-04-07 09:30:00,2218.39990234375,2218.39990234375,2218.39990234375,2218.39990234375,4.0
2020-04-07 09:35:00,2219.10009765625,2219.10009765625,2219.10009765625,2219.10009765625,0.0
2020-04-07 09:40:00,2220.14990234375,2230.0,2220.10009765625,2230.0,47.0
2020-04-07 09:45:00,2232.64990234375,2232.64990234375,2232.64990234375,2232.64990234375,0.0
2020-04-07 09:50:00,2220.0,2220.199951171875,2220.0,2220.199951171875,51.0
2020-04-07 09:55:00,2235.0,2235.0,2220.199951171875,2220.199951171875,39.0
2020-04-07 10:00:00,2234.85009765625,2234.85009765625,2221.050048828125,2221.300048828125,10.0
2020-04-07 10:10:00,2221.300048828125,2221.300048828125,2216.0,2216.0,100.0
2020-04-07 10:15:00,2216.0,2216.0,2216.0,2216.0,1.0
2020-04-07 10:20:00,2209.60009765625,2209.60009765625,2209.35009765625,2209.35009765625,14.0
2020-04-07 10:25:00,2219.699951171875,2219.699951171875,2210.39990234375,2210.39990234375,6.0
2020-04-07 10:30:00,2219.199951171875,2219.199951171875,2211.300048828125,2211.300048828125,5.0
2020-04-07 10:35:00,2212.550048828125,2212.550048828125,2210.0,2210.0,14.0
2020-04-07 10:45:00,2220.64990234375,2220.64990234375,2220.64990234375,2220.64990234375,2.0
2020-04-07 10:50:00,2220.60009765625,2220.60009765625,2220.60009765625,2220.60009765625,2.0
2020-04-07 11:00:00,2216.050048828125,2220.60009765625,2200.0,2200.0,111.0
2020-04-07 11:05:00,2216.85009765625,2216.85009765625,2216.85009765625,2216.85009765625,0.0
2020-04-07 11:10:00,2210.0,2210.0,2207.050048828125,2209.449951171875,20.0
2020-04-07 11:20:00,2203.0,2203.0,2203.0,2203.0,10.0
2020-04-07 11:25:00,2208.0,2208.699951171875,2208.0,2208.60009765625,13.0
2020-04-07 11:30:00,2208.699951171875,2208.699951171875,2208.699951171875,2208.699951171875,8.0
2020-04-07 11:35:00,2202.050048828125,2202.050048828125,2202.050048828125,2202.050048828125,0.0
2020-04-07 11:40:00,2209.35009765625,2221.300048828125,2206.89990234375,2206.89990234375,33.0
2020-04-07 11:45:00,2215.35009765625,2216.35009765625,2213.39990234375,2216.10009765625,35.0
2020-04-07 11:50:00,2216.14990234375,2217.39990234375,2213.35009765625,2216.64990234375,8.0
2020-04-07 12:00:00,2214.0,2214.0,2214.0,2214.0,11.0
2020-04-07 12:05:00,2219.89990234375,2219.89990234375,2216.0,2216.0,33.0
2020-04-07 12:10:00,2219.89990234375,2221.300048828125,2218.89990234375,2218.89990234375,36.0
2020-04-07 12:15:00,2214.0,2214.0,2214.0,2214.0,10.0
2020-04-07 12:40:00,2214.050048828125,2224.25,2214.050048828125,2224.25,14.0
2020-04-07 12:45:00,2224.89990234375,2224.89990234375,2221.0,2221.0,5.0
2020-04-07 12:50:00,2224.89990234375,2224.89990234375,2224.89990234375,2224.89990234375,2.0
2020-04-07 13:00:00,2224.85009765625,2224.85009765625,2224.85009765625,2224.85009765625,2.0
2020-04-07 13:05:00,2225.0,2235.0,2225.0,2235.0,49.0
2020-04-07 13:10:00,2235.0,2250.0,2235.0,2235.050048828125,36.0
2020-04-07 13:15:00,2240.0,2240.0,2233.199951171875,2233.199951171875,4.0
2020-04-07 13:20:00,2236.949951171875,2247.449951171875,2236.949951171875,2247.449951171875,2.0
2020-04-07 13:25:00,2247.800048828125,2247.800048828125,2247.800048828125,2247.800048828125,1.0
2020-04-07 13:30:00,2247.75,2249.949951171875,2247.75,2249.949951171875,3.0
2020-04-07 13:35:00,2249.949951171875,2249.949951171875,2249.949951171875,2249.949951171875,2.0
2020-04-07 13:40:00,2236.14990234375,2236.14990234375,2236.14990234375,2236.14990234375,13.0
2020-04-07 13:50:00,2249.89990234375,2249.89990234375,2236.949951171875,2247.85009765625,3.0
2020-04-07 14:00:00,2249.85009765625,2249.85009765625,2235.0,2235.0,46.0
2020-04-07 14:05:00,2249.89990234375,2249.89990234375,2236.14990234375,2236.14990234375,0.0
2020-04-07 14:15:00,2248.14990234375,2248.699951171875,2248.14990234375,2248.699951171875,9.0
2020-04-07 14:20:00,2248.699951171875,2248.699951171875,2236.5,2236.5,5.0
2020-04-07 14:30:00,2244.949951171875,2244.949951171875,2244.949951171875,2244.949951171875,1.0
2020-04-07 14:40:00,2244.85009765625,2244.85009765625,2244.85009765625,2244.85009765625,5.0
2020-04-07 14:45:00,2246.0,2259.0,2236.5,2259.0,183.0
2020-04-07 14:50:00,2245.050048828125,2245.050048828125,2245.050048828125,2245.050048828125,1.0
2020-04-07 14:55:00,2254.25,2254.25,2253.949951171875,2253.949951171875,5.0
2020-04-07 15:00:00,2256.64990234375,2265.5,2256.64990234375,2262.64990234375,40.0
2020-04-07 15:05:00,2257.199951171875,2263.0,2257.199951171875,2263.0,12.0
2020-04-07 15:10:00,2259.0,2263.0,2254.050048828125,2255.89990234375,18.0
2020-04-07 15:15:00,2253.949951171875,2253.949951171875,2253.949951171875,2253.949951171875,75.0
2020-04-07 15:20:00,2263.0,2266.949951171875,2260.0,2260.0,151.0
2020-04-07 15:25:00,2260.0,2260.0,2176.0,2244.89990234375,414.0
2020-04-08 09:15:00,2282.0,2282.0,2259.75,2259.75,0.0
2020-04-08 09:20:00,2259.0,2259.0,2251.550048828125,2251.550048828125,41.0
2020-04-08 09:25:00,2248.75,2248.75,2248.75,2248.75,0.0
2020-04-08 09:30:00,2249.699951171875,2259.949951171875,2249.699951171875,2259.949951171875,24.0
2020-04-08 09:35:00,2259.550048828125,2259.550048828125,2243.0,2243.0,18.0
2020-04-08 09:40:00,2249.10009765625,2270.0,2249.10009765625,2270.0,25.0
2020-04-08 09:45:00,2274.800048828125,2274.800048828125,2274.800048828125,2274.800048828125,2.0
2020-04-08 09:50:00,2275.0,2281.949951171875,2263.199951171875,2281.949951171875,28.0
2020-04-08 09:55:00,2279.949951171875,2279.949951171875,2279.949951171875,2279.949951171875,19.0
2020-04-08 10:00:00,2265.85009765625,2265.85009765625,2265.85009765625,2265.85009765625,0.0
2020-04-08 10:05:00,2265.949951171875,2265.949951171875,2265.949951171875,2265.949951171875,0.0
2020-04-08 10:15:00,2279.25,2288.0,2279.25,2288.0,71.0
2020-04-08 10:20:00,2285.800048828125,2299.0,2285.800048828125,2297.75,30.0
2020-04-08 10:25:00,2297.050048828125,2297.050048828125,2285.0,2290.0,47.0
2020-04-08 10:30:00,2282.89990234375,2282.949951171875,2282.0,2282.0,22.0
2020-04-08 10:35:00,2277.199951171875,2294.699951171875,2277.199951171875,2277.199951171875,7.0
2020-04-08 10:40:00,2277.199951171875,2277.199951171875,2277.199951171875,2277.199951171875,5.0
2020-04-08 10:45:00,2274.89990234375,2274.89990234375,2250.0,2250.0,13.0
2020-04-08 10:50:00,2259.5,2259.5,2259.5,2259.5,0.0
2020-04-08 10:55:00,2250.0,2259.10009765625,2250.0,2259.10009765625,18.0
2020-04-08 11:00:00,2250.050048828125,2250.050048828125,2250.0,2250.0,4.0
2020-04-08 11:05:00,2250.0,2250.0,2250.0,2250.0,9.0
2020-04-08 11:10:00,2250.300048828125,2250.300048828125,2250.300048828125,2250.300048828125,0.0
2020-04-08 11:20:00,2250.300048828125,2259.85009765625,2250.300048828125,2250.300048828125,14.0
2020-04-08 11:30:00,2258.199951171875,2258.199951171875,2258.14990234375,2258.14990234375,25.0
2020-04-08 11:35:00,2259.949951171875,2259.949951171875,2259.949951171875,2259.949951171875,0.0
2020-04-08 11:40:00,2251.0,2251.050048828125,2251.0,2251.050048828125,3.0
2020-04-08 11:45:00,2250.0,2250.0,2250.0,2250.0,14.0
2020-04-08 11:50:00,2250.0,2250.0,2250.0,2250.0,6.0
2020-04-08 11:55:00,2250.0,2250.0,2250.0,2250.0,2.0
2020-04-08 12:00:00,2259.85009765625,2259.85009765625,2259.85009765625,2259.85009765625,0.0
2020-04-08 12:05:00,2250.0,2250.0,2250.0,2250.0,36.0
2020-04-08 12:20:00,2250.0,2250.0,2250.0,2250.0,17.0
2020-04-08 12:25:00,2250.0,2250.0,2250.0,2250.0,0.0
2020-04-08 12:30:00,2250.050048828125,2250.050048828125,2250.050048828125,2250.050048828125,6.0
2020-04-08 12:35:00,2256.39990234375,2256.949951171875,2256.39990234375,2256.949951171875,0.0
2020-04-08 12:40:00,2256.199951171875,2256.199951171875,2250.0,2250.0,71.0
2020-04-08 12:45:00,2256.550048828125,2256.550048828125,2256.550048828125,2256.550048828125,0.0
2020-04-08 12:50:00,2250.0,2250.0,2234.449951171875,2241.050048828125,69.0
2020-04-08 12:55:00,2241.050048828125,2241.050048828125,2232.199951171875,2232.199951171875,6.0
2020-04-08 13:00:00,2232.050048828125,2232.050048828125,2220.0,2220.0,16.0
2020-04-08 13:05:00,2215.14990234375,2220.0,2212.0,2220.0,25.0
2020-04-08 13:25:00,2219.949951171875,2219.949951171875,2219.949951171875,2219.949951171875,1.0
2020-04-08 13:35:00,2219.949951171875,2219.949951171875,2219.949951171875,2219.949951171875,15.0
2020-04-08 13:40:00,2220.0,2220.0,2214.0,2214.0,78.0
2020-04-08 13:45:00,2219.699951171875,2219.89990234375,2219.699951171875,2219.89990234375,0.0
2020-04-08 13:55:00,2220.0,2220.0,2215.0,2215.0,21.0
2020-04-08 14:00:00,2222.800048828125,2222.800048828125,2215.050048828125,2215.050048828125,0.0
2020-04-08 14:05:00,2225.800048828125,2225.800048828125,2225.800048828125,2225.800048828125,17.0
2020-04-08 14:15:00,2228.5,2228.5,2228.5,2228.5,0.0
2020-04-08 14:25:00,2229.25,2229.25,2220.050048828125,2220.050048828125,3.0
2020-04-08 14:30:00,2215.10009765625,2218.64990234375,2214.39990234375,2218.64990234375,41.0
2020-04-08 14:35:00,2215.14990234375,2216.85009765625,2214.300048828125,2214.300048828125,37.0
2020-04-08 14:40:00,2225.75,2225.75,2221.39990234375,2221.39990234375,25.0
2020-04-08 14:45:00,2225.0,2231.5,2221.64990234375,2221.699951171875,4.0
2020-04-08 14:50:00,2221.60009765625,2223.60009765625,2216.14990234375,2219.25,41.0
2020-04-08 14:55:00,2228.64990234375,2228.64990234375,2222.050048828125,2222.050048828125,20.0
2020-04-08 15:00:00,2229.85009765625,2229.85009765625,2214.5,2225.199951171875,41.0
2020-04-08 15:05:00,2219.35009765625,2219.35009765625,2214.5,2217.60009765625,9.0
2020-04-08 15:10:00,2221.0,2222.64990234375,2218.050048828125,2218.050048828125,50.0
2020-04-08 15:15:00,2216.550048828125,2216.550048828125,2215.050048828125,2216.35009765625,17.0
2020-04-08 15:20:00,2210.0,2210.0,2182.0,2186.0,358.0
2020-04-08 15:25:00,2185.949951171875,2202.0,2176.0,2202.0,148.0
2020-04-09 09:15:00,2177.0,2209.949951171875,2177.0,2194.550048828125,0.0
2020-04-09 09:20:00,2194.64990234375,2196.0,2194.39990234375,2195.85009765625,26.0
2020-04-09 09:25:00,2189.050048828125,2194.0,2175.0,2185.699951171875,308.0
2020-04-09 09:30:00,2184.85009765625,2188.89990234375,2182.10009765625,2188.89990234375,18.0
2020-04-09 09:35:00,2191.0,2200.0,2191.0,2194.0,50.0
2020-04-09 09:40:00,2195.0,2195.0,2180.800048828125,2192.0,157.0
2020-04-09 09:45:00,2193.949951171875,2194.75,2186.39990234375,2186.39990234375,93.0
2020-04-09 09:50:00,2192.89990234375,2192.89990234375,2180.800048828125,2180.800048828125,57.0
2020-04-09 09:55:00,2180.0,2191.699951171875,2180.0,2191.699951171875,27.0
2020-04-09 10:00:00,2193.0,2193.0,2193.0,2193.0,13.0
2020-04-09 10:05:00,2193.0,2193.0,2193.0,2193.0,6.0
2020-04-09 10:10:00,2193.0,2193.0,2193.0,2193.0,2.0
2020-04-09 10:15:00,2192.949951171875,2216.89990234375,2192.949951171875,2216.89990234375,111.0
2020-04-09 10:20:00,2217.0,2219.0,2202.60009765625,2202.60009765625,73.0
2020-04-09 10:25:00,2216.449951171875,2216.449951171875,2202.64990234375,2202.64990234375,23.0
2020-04-09 10:30:00,2202.64990234375,2213.199951171875,2200.300048828125,2213.199951171875,21.0
2020-04-09 10:35:00,2213.199951171875,2213.199951171875,2208.10009765625,2208.10009765625,28.0
2020-04-09 10:40:00,2210.050048828125,2213.64990234375,2210.050048828125,2213.64990234375,2.0
2020-04-09 10:45:00,2214.699951171875,2214.699951171875,2203.5,2210.800048828125,123.0
2020-04-09 10:50:00,2206.199951171875,2206.199951171875,2206.199951171875,2206.199951171875,0.0
2020-04-09 10:55:00,2203.35009765625,2205.0,2200.0,2205.0,24.0
2020-04-09 11:00:00,2206.14990234375,2214.699951171875,2202.050048828125,2211.39990234375,59.0
2020-04-09 11:05:00,2202.0,2207.300048828125,2201.75,2207.300048828125,4.0
2020-04-09 11:10:00,2207.300048828125,2210.550048828125,2202.85009765625,2202.85009765625,15.0
2020-04-09 11:15:00,2201.050048828125,2207.449951171875,2201.050048828125,2201.050048828125,3.0
2020-04-09 11:20:00,2207.35009765625,2207.35009765625,2201.050048828125,2203.949951171875,3.0
2020-04-09 11:25:00,2204.050048828125,2204.050048828125,2204.050048828125,2204.050048828125,1.0
2020-04-09 11:30:00,2204.0,2210.449951171875,2204.0,2209.89990234375,36.0
2020-04-09 11:35:00,2209.89990234375,2223.85009765625,2209.89990234375,2223.85009765625,63.0
2020-04-09 11:40:00,2225.199951171875,2230.0,2222.800048828125,2222.800048828125,4.0
2020-04-09 11:45:00,2222.550048828125,2222.550048828125,2219.64990234375,2219.64990234375,3.0
2020-04-09 11:50:00,2227.39990234375,2227.449951171875,2227.39990234375,2227.449951171875,10.0
2020-04-09 11:55:00,2211.10009765625,2211.199951171875,2211.10009765625,2211.199951171875,8.0
2020-04-09 12:00:00,2215.85009765625,2215.85009765625,2201.10009765625,2202.550048828125,20.0
2020-04-09 12:05:00,2204.0,2204.0,2200.25,2201.050048828125,29.0
2020-04-09 12:10:00,2201.5,2203.949951171875,2200.300048828125,2200.300048828125,5.0
2020-04-09 12:15:00,2200.300048828125,2206.050048828125,2200.300048828125,2206.050048828125,6.0
2020-04-09 12:20:00,2205.89990234375,2206.050048828125,2201.050048828125,2206.050048828125,2.0
2020-04-09 12:25:00,2201.050048828125,2207.64990234375,2201.050048828125,2207.64990234375,9.0
2020-04-09 12:30:00,2207.64990234375,2207.64990234375,2207.64990234375,2207.64990234375,6.0
2020-04-09 12:35:00,2201.10009765625,2208.199951171875,2201.10009765625,2208.199951171875,17.0
2020-04-09 12:40:00,2201.10009765625,2208.10009765625,2201.10009765625,2208.10009765625,19.0
2020-04-09 12:45:00,2201.550048828125,2207.949951171875,2201.550048828125,2207.949951171875,18.0
2020-04-09 12:50:00,2200.39990234375,2205.39990234375,2200.39990234375,2200.550048828125,4.0
2020-04-09 12:55:00,2200.35009765625,2205.39990234375,2200.300048828125,2205.39990234375,3.0
2020-04-09 13:00:00,2200.449951171875,2205.449951171875,2200.449951171875,2201.550048828125,12.0
2020-04-09 13:05:00,2203.10009765625,2216.39990234375,2203.10009765625,2216.39990234375,18.0
2020-04-09 13:10:00,2220.64990234375,2220.64990234375,2216.550048828125,2216.550048828125,2.0
2020-04-09 13:15:00,2224.050048828125,2227.25,2224.050048828125,2227.25,6.0
2020-04-09 13:20:00,2226.14990234375,2227.25,2220.800048828125,2220.800048828125,17.0
2020-04-09 13:25:00,2221.949951171875,2225.800048828125,2217.800048828125,2217.800048828125,3.0
2020-04-09 13:30:00,2218.199951171875,2219.10009765625,2216.0,2217.5,4.0
2020-04-09 13:35:00,2216.050048828125,2219.14990234375,2216.050048828125,2219.14990234375,2.0
2020-04-09 13:40:00,2218.14990234375,2220.5,2218.14990234375,2219.949951171875,79.0
2020-04-09 13:45:00,2208.449951171875,2213.35009765625,2205.14990234375,2205.14990234375,3.0
2020-04-09 13:50:00,2205.550048828125,2213.699951171875,2205.550048828125,2213.699951171875,15.0
2020-04-09 13:55:00,2205.699951171875,2212.699951171875,2205.699951171875,2207.25,5.0
2020-04-09 14:00:00,2206.050048828125,2207.25,2206.050048828125,2207.25,2.0
2020-04-09 14:05:00,2211.949951171875,2213.699951171875,2211.949951171875,2213.699951171875,4.0
2020-04-09 14:10:00,2206.300048828125,2212.75,2206.300048828125,2212.75,8.0
2020-04-09 14:15:00,2206.050048828125,2210.89990234375,2206.050048828125,2206.14990234375,2.0
2020-04-09 14:20:00,2208.64990234375,2208.64990234375,2208.0,2208.0,11.0
2020-04-09 14:25:00,2206.550048828125,2211.75,2204.300048828125,2204.300048828125,80.0
2020-04-09 14:30:00,2200.0,2200.300048828125,2197.14990234375,2200.0,141.0
2020-04-09 14:35:00,2200.0,2203.550048828125,2200.0,2200.050048828125,4.0
2020-04-09 14:40:00,2201.050048828125,2201.050048828125,2201.050048828125,2201.050048828125,2.0
2020-04-09 14:45:00,2201.050048828125,2208.10009765625,2199.949951171875,2208.10009765625,244.0
2020-04-09 14:50:00,2204.10009765625,2204.10009765625,2204.10009765625,2204.10009765625,2.0
2020-04-09 14:55:00,2204.10009765625,2207.800048828125,2201.25,2201.25,12.0
2020-04-09 15:05:00,2205.14990234375,2206.0,2201.550048828125,2202.550048828125,53.0
2020-04-09 15:10:00,2202.0,2202.0,2184.89990234375,2194.949951171875,342.0
2020-04-09 15:15:00,2194.949951171875,2194.949951171875,2182.0,2182.0,106.0
2020-04-09 15:20:00,2180.0,2187.0,2176.0,2184.64990234375,112.0
2020-04-09 15:25:00,2180.0,2190.64990234375,2176.0,2190.64990234375,204.0
2020-04-13 09:15:00,2245.0,2245.0,2214.949951171875,2214.949951171875,0.0
2020-04-13 09:20:00,2214.0,2214.0,2208.300048828125,2212.949951171875,15.0
2020-04-13 09:25:00,2205.699951171875,2208.14990234375,2190.64990234375,2190.64990234375,33.0
2020-04-13 09:30:00,2190.0,2190.0,2175.64990234375,2175.64990234375,20.0
2020-04-13 09:35:00,2188.800048828125,2189.949951171875,2175.0,2175.0,447.0
2020-04-13 09:40:00,2175.0,2175.10009765625,2171.85009765625,2175.0,240.0
2020-04-13 09:45:00,2175.10009765625,2186.050048828125,2175.0,2175.050048828125,56.0
2020-04-13 09:55:00,2187.5,2187.5,2187.5,2187.5,2.0
2020-04-13 10:00:00,2175.35009765625,2175.35009765625,2175.300048828125,2175.300048828125,18.0
2020-04-13 10:05:00,2175.35009765625,2175.35009765625,2175.35009765625,2175.35009765625,4.0
2020-04-13 10:10:00,2187.0,2188.949951171875,2187.0,2188.949951171875,17.0
2020-04-13 10:15:00,2188.949951171875,2188.949951171875,2188.949951171875,2188.949951171875,0.0
2020-04-13 10:20:00,2175.0,2189.64990234375,2175.0,2189.64990234375,114.0
2020-04-13 10:25:00,2189.64990234375,2208.550048828125,2189.60009765625,2199.64990234375,67.0
2020-04-13 10:30:00,2190.64990234375,2197.199951171875,2190.64990234375,2195.10009765625,15.0
2020-04-13 10:40:00,2199.949951171875,2200.0,2199.949951171875,2200.0,8.0
2020-04-13 10:45:00,2200.0,2201.949951171875,2190.64990234375,2201.949951171875,124.0
2020-04-13 10:50:00,2201.75,2201.75,2200.0,2200.0,57.0
2020-04-13 10:55:00,2202.60009765625,2209.0,2202.60009765625,2209.0,14.0
2020-04-13 11:00:00,2209.949951171875,2209.949951171875,2200.199951171875,2208.14990234375,4.0
2020-04-13 11:05:00,2208.0,2210.949951171875,2208.0,2210.949951171875,10.0
2020-04-13 11:10:00,2201.949951171875,2214.0,2201.949951171875,2214.0,25.0
2020-04-13 11:15:00,2214.0,2215.949951171875,2214.0,2215.949951171875,50.0
2020-04-13 11:20:00,2215.89990234375,2239.60009765625,2200.300048828125,2239.60009765625,180.0
2020-04-13 11:25:00,2225.0,2232.89990234375,2225.0,2226.35009765625,42.0
2020-04-13 11:30:00,2232.0,2238.0,2232.0,2237.0,19.0
2020-04-13 11:35:00,2239.0,2241.0,2230.85009765625,2241.0,46.0
2020-04-13 11:40:00,2244.949951171875,2249.949951171875,2244.949951171875,2249.949951171875,54.0
2020-04-13 11:45:00,2249.949951171875,2255.85009765625,2249.949951171875,2250.0,55.0
2020-04-13 11:50:00,2251.0,2260.0,2246.0,2260.0,139.0
2020-04-13 11:55:00,2250.89990234375,2265.0,2250.0,2264.0,33.0
2020-04-13 12:00:00,2265.0,2265.0,2261.949951171875,2265.0,102.0
2020-04-13 12:05:00,2254.60009765625,2264.0,2250.0,2251.64990234375,92.0
2020-04-13 12:10:00,2265.60009765625,2267.0,2265.449951171875,2267.0,24.0
2020-04-13 12:15:00,2267.949951171875,2270.0,2254.550048828125,2254.550048828125,26.0
2020-04-13 12:20:00,2269.949951171875,2269.949951171875,2264.800048828125,2269.699951171875,39.0
2020-04-13 12:25:00,2270.0,2270.0,2264.39990234375,2264.39990234375,34.0
2020-04-13 12:30:00,2264.39990234375,2264.39990234375,2264.0,2264.0,22.0
2020-04-13 12:35:00,2264.0,2271.0,2263.35009765625,2271.0,12.0
2020-04-13 12:40:00,2271.300048828125,2279.0,2271.300048828125,2279.0,21.0
2020-04-13 12:45:00,2274.60009765625,2274.60009765625,2266.050048828125,2269.949951171875,75.0
2020-04-13 12:50:00,2270.0,2270.0,2257.89990234375,2262.699951171875,99.0
2020-04-13 12:55:00,2255.10009765625,2265.0,2255.10009765625,2263.0,22.0
2020-04-13 13:00:00,2265.0,2265.0,2265.0,2265.0,41.0
2020-04-13 13:05:00,2265.0,2270.949951171875,2260.60009765625,2270.89990234375,63.0
2020-04-13 13:10:00,2270.89990234375,2270.89990234375,2260.0,2261.75,30.0
2020-04-13 13:15:00,2261.75,2268.39990234375,2261.75,2268.39990234375,17.0
2020-04-13 13:20:00,2268.0,2270.0,2268.0,2270.0,33.0
2020-04-13 13:25:00,2205.050048828125,2244.300048828125,2205.050048828125,2239.75,486.0
2020-04-13 13:30:00,2239.75,2239.75,2223.199951171875,2223.199951171875,20.0
2020-04-13 13:35:00,2238.35009765625,2238.35009765625,2231.449951171875,2233.449951171875,17.0
2020-04-13 13:45:00,2236.0,2241.14990234375,2236.0,2241.14990234375,26.0
2020-04-13 13:50:00,2241.14990234375,2241.14990234375,2235.0,2238.449951171875,22.0
2020-04-13 13:55:00,2238.449951171875,2239.5,2238.449951171875,2239.0,13.0
2020-04-13 14:00:00,2239.0,2239.0,2234.699951171875,2234.699951171875,24.0
2020-04-13 14:05:00,2234.699951171875,2234.699951171875,2222.10009765625,2226.550048828125,57.0
2020-04-13 14:10:00,2232.89990234375,2234.699951171875,2232.89990234375,2234.699951171875,14.0
2020-04-13 14:15:00,2234.64990234375,2234.64990234375,2234.64990234375,2234.64990234375,21.0
2020-04-13 14:20:00,2234.64990234375,2263.199951171875,2234.64990234375,2263.199951171875,80.0
2020-04-13 14:25:00,2263.14990234375,2263.14990234375,2220.0,2220.0,92.0
2020-04-13 14:30:00,2228.800048828125,2234.449951171875,2223.050048828125,2230.0,31.0
2020-04-13 14:35:00,2232.10009765625,2232.10009765625,2230.0,2230.0,77.0
2020-04-13 14:40:00,2231.949951171875,2232.0,2231.949951171875,2232.0,24.0
2020-04-13 14:45:00,2232.0,2232.0,2232.0,2232.0,40.0
2020-04-13 14:50:00,2230.0,2232.0,2230.0,2232.0,20.0
2020-04-13 14:55:00,2231.0,2231.800048828125,2231.0,2231.0,165.0
2020-04-13 15:00:00,2231.0,2235.699951171875,2231.0,2235.25,112.0
2020-04-13 15:05:00,2235.25,2235.25,2234.0,2234.0,108.0
2020-04-13 15:10:00,2234.0,2238.39990234375,2234.0,2238.35009765625,42.0
2020-04-13 15:15:00,2238.35009765625,2243.949951171875,2238.35009765625,2243.949951171875,22.0
2020-04-13 15:20:00,2238.39990234375,2238.39990234375,2231.0,2231.0,49.0
2020-04-13 15:25:00,2230.949951171875,2246.0,2210.0,2229.89990234375,225.0
2020-04-15 09:15:00,2266.0,2266.0,2266.0,2266.0,0.0
2020-04-15 09:20:00,2259.0,2259.0,2240.0,2242.699951171875,31.0
2020-04-15 09:25:00,2232.64990234375,2233.300048828125,2219.5,2226.550048828125,46.0
2020-04-15 09:30:00,2231.64990234375,2242.699951171875,2231.64990234375,2242.699951171875,18.0
2020-04-15 09:35:00,2250.0,2250.0,2243.14990234375,2243.14990234375,14.0
2020-04-15 09:40:00,2240.60009765625,2251.14990234375,2240.60009765625,2251.14990234375,45.0
2020-04-15 09:45:00,2251.14990234375,2260.0,2251.14990234375,2260.0,8.0
2020-04-15 09:50:00,2259.0,2259.0,2242.85009765625,2242.85009765625,109.0
2020-04-15 09:55:00,2259.5,2259.5,2252.949951171875,2256.699951171875,77.0
2020-04-15 10:05:00,2241.14990234375,2241.14990234375,2241.0,2241.0,10.0
2020-04-15 10:10:00,2241.0,2241.0,2241.0,2241.0,2.0
2020-04-15 10:15:00,2240.0,2240.0,2240.0,2240.0,22.0
2020-04-15 10:20:00,2233.0,2233.0,2233.0,2233.0,2.0
2020-04-15 10:25:00,2239.949951171875,2239.949951171875,2239.949951171875,2239.949951171875,14.0
2020-04-15 10:30:00,2239.300048828125,2239.800048828125,2239.300048828125,2239.800048828125,2.0
2020-04-15 10:40:00,2239.85009765625,2239.85009765625,2239.85009765625,2239.85009765625,11.0
2020-04-15 10:45:00,2239.89990234375,2239.949951171875,2233.550048828125,2233.550048828125,40.0
2020-04-15 10:50:00,2233.0,2239.89990234375,2233.0,2239.89990234375,34.0
2020-04-15 10:55:00,2239.89990234375,2239.949951171875,2239.89990234375,2239.949951171875,4.0
2020-04-15 11:05:00,2239.949951171875,2239.949951171875,2239.949951171875,2239.949951171875,30.0
2020-04-15 11:10:00,2243.199951171875,2243.199951171875,2243.199951171875,2243.199951171875,290.0
2020-04-15 11:15:00,2250.0,2250.0,2250.0,2250.0,47.0
2020-04-15 11:20:00,2256.699951171875,2256.699951171875,2250.050048828125,2250.050048828125,9.0
2020-04-15 11:25:00,2250.0,2250.0,2250.0,2250.0,4.0
2020-04-15 11:30:00,2256.75,2256.75,2256.75,2256.75,14.0
2020-04-15 11:35:00,2259.550048828125,2259.550048828125,2259.550048828125,2259.550048828125,2.0
2020-04-15 11:40:00,2260.0,2260.0,2260.0,2260.0,6.0
2020-04-15 11:45:00,2260.0,2263.949951171875,2254.25,2263.85009765625,40.0
2020-04-15 11:50:00,2263.75,2263.949951171875,2258.35009765625,2263.949951171875,15.0
2020-04-15 11:55:00,2263.949951171875,2300.0,2263.949951171875,2295.0,478.0
2020-04-15 12:00:00,2295.0,2298.699951171875,2286.300048828125,2295.0,67.0
2020-04-15 12:05:00,2295.0,2298.0,2290.0,2293.050048828125,477.0
2020-04-15 12:10:00,2297.949951171875,2300.0,2293.800048828125,2299.449951171875,173.0
2020-04-15 12:15:00,2299.449951171875,2299.449951171875,2287.699951171875,2299.35009765625,159.0
2020-04-15 12:20:00,2299.35009765625,2299.5,2297.949951171875,2298.0,12.0
2020-04-15 12:25:00,2298.0,2299.35009765625,2285.199951171875,2298.699951171875,18.0
2020-04-15 12:30:00,2288.25,2288.25,2281.949951171875,2287.85009765625,53.0
2020-04-15 12:35:00,2287.85009765625,2289.949951171875,2282.050048828125,2289.949951171875,33.0
2020-04-15 12:40:00,2289.949951171875,2295.949951171875,2289.949951171875,2295.949951171875,8.0
2020-04-15 12:45:00,2295.0,2299.0,2291.949951171875,2291.949951171875,11.0
2020-04-15 12:50:00,2298.699951171875,2299.5,2289.300048828125,2295.39990234375,42.0
2020-04-15 12:55:00,2294.75,2298.699951171875,2294.5,2294.5,28.0
2020-04-15 13:00:00,2297.0,2297.0,2292.85009765625,2292.85009765625,13.0
2020-04-15 13:05:00,2292.85009765625,2293.949951171875,2288.85009765625,2292.0,12.0
2020-04-15 13:10:00,2292.0,2292.35009765625,2288.75,2292.35009765625,37.0
2020-04-15 13:15:00,2294.0,2295.949951171875,2273.85009765625,2278.949951171875,72.0
2020-04-15 13:20:00,2266.050048828125,2290.300048828125,2266.050048828125,2282.25,32.0
2020-04-15 13:25:00,2285.0,2290.35009765625,2285.0,2289.5,16.0
2020-04-15 13:30:00,2289.5,2289.5,2270.949951171875,2287.5,69.0
2020-04-15 13:35:00,2283.300048828125,2289.89990234375,2281.199951171875,2285.0,17.0
2020-04-15 13:40:00,2285.0,2285.0,2274.449951171875,2276.449951171875,19.0
2020-04-15 13:45:00,2279.89990234375,2281.89990234375,2271.199951171875,2281.89990234375,23.0
2020-04-15 13:50:00,2284.60009765625,2284.699951171875,2283.0,2283.949951171875,40.0
2020-04-15 13:55:00,2284.0,2287.550048828125,2284.0,2286.0,24.0
2020-04-15 14:00:00,2286.0,2286.0,2276.5,2277.949951171875,58.0
2020-04-15 14:05:00,2277.85009765625,2277.85009765625,2268.699951171875,2277.800048828125,36.0
2020-04-15 14:10:00,2277.85009765625,2279.35009765625,2270.0,2277.85009765625,34.0
2020-04-15 14:15:00,2269.699951171875,2278.10009765625,2265.14990234375,2274.949951171875,73.0
2020-04-15 14:20:00,2272.550048828125,2275.0,2270.14990234375,2273.949951171875,52.0
2020-04-15 14:25:00,2274.0,2275.0,2251.25,2275.0,216.0
2020-04-15 14:30:00,2275.0,2288.0,2275.0,2286.89990234375,48.0
2020-04-15 14:35:00,2285.949951171875,2285.949951171875,2278.449951171875,2282.85009765625,39.0
2020-04-15 14:40:00,2280.25,2282.85009765625,2271.75,2279.89990234375,39.0
2020-04-15 14:45:00,2279.949951171875,2280.0,2276.64990234375,2279.449951171875,48.0
2020-04-15 14:50:00,2275.89990234375,2279.0,2271.550048828125,2278.449951171875,54.0
2020-04-15 14:55:00,2278.550048828125,2278.60009765625,2266.050048828125,2270.39990234375,100.0
2020-04-15 15:00:00,2270.39990234375,2270.39990234375,2266.199951171875,2270.10009765625,67.0
2020-04-15 15:05:00,2270.10009765625,2270.10009765625,2267.0,2270.10009765625,66.0
2020-04-15 15:10:00,2270.10009765625,2270.10009765625,2266.60009765625,2270.10009765625,47.0
2020-04-15 15:15:00,2270.10009765625,2298.75,2270.10009765625,2297.85009765625,289.0
2020-04-15 15:20:00,2297.89990234375,2300.0,2283.25,2299.0,121.0
2020-04-15 15:25:00,2300.0,2300.0,2280.0,2287.5,203.0
2020-04-16 09:20:00,2255.0,2255.0,2255.0,2255.0,0.0
2020-04-16 09:25:00,2241.75,2245.050048828125,2241.75,2245.050048828125,0.0
2020-04-16 09:30:00,2241.75,2253.60009765625,2238.85009765625,2253.60009765625,28.0
2020-04-16 09:35:00,2253.199951171875,2253.199951171875,2253.199951171875,2253.199951171875,0.0
2020-04-16 09:40:00,2253.199951171875,2253.199951171875,2253.199951171875,2253.199951171875,2.0
2020-04-16 09:45:00,2253.050048828125,2255.0,2250.14990234375,2250.14990234375,8.0
2020-04-16 09:50:00,2254.949951171875,2254.949951171875,2254.949951171875,2254.949951171875,9.0
2020-04-16 09:55:00,2250.0,2250.0,2244.699951171875,2244.699951171875,4.0
2020-04-16 10:00:00,2253.25,2253.25,2242.949951171875,2249.949951171875,13.0
2020-04-16 10:05:00,2251.800048828125,2252.0,2250.0,2250.0,27.0
2020-04-16 10:10:00,2251.949951171875,2252.0,2241.75,2249.89990234375,10.0
2020-04-16 10:15:00,2249.949951171875,2249.949951171875,2233.0,2233.0,81.0
2020-04-16 10:20:00,2240.0,2242.050048828125,2239.949951171875,2242.050048828125,24.0
2020-04-16 10:25:00,2242.0,2242.0,2236.0,2239.949951171875,24.0
2020-04-16 10:30:00,2239.89990234375,2239.89990234375,2239.89990234375,2239.89990234375,1.0
2020-04-16 10:40:00,2238.949951171875,2240.0,2237.050048828125,2237.050048828125,41.0
2020-04-16 10:55:00,2252.0,2252.0,2237.199951171875,2237.199951171875,121.0
2020-04-16 11:05:00,2240.0,2240.0,2236.0,2236.0,2.0
2020-04-16 11:10:00,2235.0,2240.0,2235.0,2235.050048828125,29.0
2020-04-16 11:15:00,2236.0,2236.0,2236.0,2236.0,10.0
2020-04-16 11:20:00,2240.0,2240.0,2238.0,2240.0,37.0
2020-04-16 11:25:00,2244.300048828125,2244.300048828125,2244.300048828125,2244.300048828125,13.0
2020-04-16 11:35:00,2251.699951171875,2251.75,2241.85009765625,2251.75,5.0
2020-04-16 11:40:00,2251.14990234375,2258.050048828125,2251.14990234375,2258.050048828125,7.0
2020-04-16 11:45:00,2258.10009765625,2264.85009765625,2253.25,2253.25,25.0
2020-04-16 11:50:00,2261.050048828125,2261.050048828125,2251.199951171875,2251.199951171875,1.0
2020-04-16 11:55:00,2251.14990234375,2251.14990234375,2241.800048828125,2241.800048828125,27.0
2020-04-16 12:00:00,2241.800048828125,2241.800048828125,2241.64990234375,2241.64990234375,1.0
2020-04-16 12:05:00,2242.64990234375,2242.75,2242.64990234375,2242.75,3.0
2020-04-16 12:10:00,2241.0,2241.0,2241.0,2241.0,5.0
2020-04-16 12:15:00,2242.75,2242.75,2241.050048828125,2241.050048828125,5.0
2020-04-16 12:20:00,2241.050048828125,2253.25,2241.0,2244.75,49.0
2020-04-16 12:25:00,2242.550048828125,2242.550048828125,2242.550048828125,2242.550048828125,0.0
2020-04-16 12:45:00,2244.699951171875,2244.699951171875,2244.64990234375,2244.64990234375,7.0
2020-04-16 12:55:00,2245.0,2249.64990234375,2244.75,2244.75,5.0
2020-04-16 13:10:00,2243.0,2243.0,2241.0,2242.85009765625,47.0
2020-04-16 13:20:00,2242.550048828125,2242.550048828125,2242.550048828125,2242.550048828125,0.0
2020-04-16 13:25:00,2241.0,2242.64990234375,2241.0,2242.64990234375,16.0
2020-04-16 13:30:00,2240.050048828125,2242.14990234375,2240.0,2240.0,9.0
2020-04-16 13:35:00,2236.300048828125,2236.300048828125,2235.60009765625,2236.0,21.0
2020-04-16 13:40:00,2238.0,2238.0,2235.89990234375,2237.050048828125,30.0
2020-04-16 13:45:00,2242.0,2242.050048828125,2236.050048828125,2236.050048828125,7.0
2020-04-16 14:00:00,2241.85009765625,2243.0,2241.85009765625,2243.0,15.0
2020-04-16 14:10:00,2243.0,2243.0,2243.0,2243.0,2.0
2020-04-16 14:15:00,2243.0,2243.0,2237.25,2237.25,21.0
2020-04-16 14:25:00,2242.85009765625,2242.85009765625,2242.10009765625,2242.10009765625,9.0
2020-04-16 14:30:00,2240.0,2240.0,2238.0,2238.0,71.0
2020-04-16 14:35:00,2237.0,2240.0,2236.550048828125,2240.0,11.0
2020-04-16 14:40:00,2240.0,2244.550048828125,2240.0,2244.550048828125,13.0
2020-04-16 14:45:00,2245.0,2245.0,2237.550048828125,2237.550048828125,0.0
2020-04-16 14:50:00,2237.5,2244.0,2237.5,2243.949951171875,32.0
2020-04-16 14:55:00,2239.60009765625,2239.60009765625,2230.050048828125,2230.050048828125,62.0
2020-04-16 15:00:00,2230.0,2230.0,2225.0,2225.0,52.0
2020-04-16 15:05:00,2225.0,2229.85009765625,2225.0,2229.85009765625,17.0
2020-04-16 15:10:00,2229.800048828125,2231.050048828125,2225.35009765625,2225.35009765625,13.0
2020-04-16 15:15:00,2237.0,2237.0,2225.0,2226.0,56.0
2020-04-16 15:20:00,2225.0,2225.0,2212.0,2219.949951171875,132.0
2020-04-16 15:25:00,2219.0,2219.75,2212.0,2219.75,168.0
2020-04-17 09:15:00,2228.699951171875,2267.949951171875,2228.699951171875,2263.89990234375,0.0
2020-04-17 09:20:00,2252.300048828125,2252.300048828125,2250.0,2250.0,18.0
2020-04-17 09:25:00,2250.10009765625,2252.949951171875,2241.0,2241.050048828125,54.0
2020-04-17 09:35:00,2248.35009765625,2250.0,2245.050048828125,2250.0,31.0
2020-04-17 09:40:00,2251.0,2251.14990234375,2251.0,2251.14990234375,5.0
2020-04-17 09:45:00,2261.89990234375,2261.89990234375,2261.89990234375,2261.89990234375,3.0
2020-04-17 09:55:00,2259.699951171875,2259.699951171875,2259.699951171875,2259.699951171875,2.0
2020-04-17 10:00:00,2259.0,2259.64990234375,2256.0,2256.0,29.0
2020-04-17 10:05:00,2256.0,2259.699951171875,2256.0,2259.64990234375,17.0
2020-04-17 10:10:00,2253.050048828125,2258.949951171875,2253.0,2258.949951171875,11.0
2020-04-17 10:15:00,2259.0,2259.0,2259.0,2259.0,1.0
2020-04-17 10:25:00,2262.35009765625,2262.35009765625,2253.14990234375,2253.14990234375,22.0
2020-04-17 10:30:00,2253.050048828125,2253.050048828125,2253.050048828125,2253.050048828125,1.0
2020-04-17 10:35:00,2253.0,2253.0,2253.0,2253.0,0.0
2020-04-17 10:40:00,2258.39990234375,2258.39990234375,2258.39990234375,2258.39990234375,8.0
2020-04-17 10:45:00,2251.25,2251.25,2251.25,2251.25,9.0
2020-04-17 10:50:00,2255.0,2255.0,2250.0,2250.0,11.0
2020-04-17 11:00:00,2250.0,2250.0,2250.0,2250.0,4.0
2020-04-17 11:10:00,2254.60009765625,2254.60009765625,2254.60009765625,2254.60009765625,8.0
2020-04-17 11:20:00,2254.39990234375,2256.75,2254.39990234375,2256.75,9.0
2020-04-17 11:25:00,2256.75,2256.75,2256.75,2256.75,0.0
2020-04-17 11:30:00,2256.699951171875,2256.699951171875,2250.25,2250.25,7.0
2020-04-17 11:35:00,2256.75,2260.0,2256.75,2260.0,63.0
2020-04-17 11:40:00,2260.050048828125,2260.050048828125,2260.0,2260.0,6.0
2020-04-17 11:45:00,2260.0,2260.0,2260.0,2260.0,17.0
2020-04-17 11:50:00,2267.35009765625,2275.0,2267.35009765625,2275.0,47.0
2020-04-17 11:55:00,2263.85009765625,2275.0,2259.699951171875,2259.699951171875,20.0
2020-04-17 12:00:00,2268.699951171875,2273.550048828125,2267.949951171875,2271.5,18.0
2020-04-17 12:05:00,2268.75,2268.75,2267.89990234375,2267.89990234375,17.0
2020-04-17 12:10:00,2259.75,2259.89990234375,2251.300048828125,2251.300048828125,40.0
2020-04-17 12:15:00,2253.949951171875,2253.949951171875,2253.949951171875,2253.949951171875,0.0
2020-04-17 12:25:00,2250.050048828125,2250.050048828125,2250.050048828125,2250.050048828125,5.0
2020-04-17 12:30:00,2252.0,2252.0,2252.0,2252.0,2.0
2020-04-17 12:40:00,2250.050048828125,2250.050048828125,2250.050048828125,2250.050048828125,20.0
2020-04-17 12:45:00,2254.14990234375,2254.14990234375,2253.35009765625,2253.35009765625,0.0
2020-04-17 12:50:00,2250.050048828125,2250.050048828125,2250.050048828125,2250.050048828125,5.0
2020-04-17 13:05:00,2254.949951171875,2254.949951171875,2254.949951171875,2254.949951171875,3.0
2020-04-17 13:10:00,2254.39990234375,2255.0,2254.39990234375,2255.0,5.0
2020-04-17 13:15:00,2254.949951171875,2254.949951171875,2254.949951171875,2254.949951171875,1.0
2020-04-17 13:20:00,2255.0,2255.0,2255.0,2255.0,17.0
2020-04-17 13:25:00,2255.0,2255.0,2255.0,2255.0,0.0
2020-04-17 13:30:00,2255.0,2255.0,2254.949951171875,2254.949951171875,5.0
2020-04-17 13:35:00,2254.949951171875,2254.949951171875,2254.89990234375,2254.89990234375,8.0
2020-04-17 13:40:00,2254.89990234375,2254.89990234375,2249.0,2249.0,83.0
2020-04-17 13:45:00,2241.0,2241.64990234375,2241.0,2241.64990234375,81.0
2020-04-17 13:50:00,2241.550048828125,2241.550048828125,2241.550048828125,2241.550048828125,3.0
2020-04-17 14:00:00,2241.550048828125,2241.550048828125,2241.550048828125,2241.550048828125,0.0
2020-04-17 14:05:00,2246.449951171875,2246.449951171875,2246.449951171875,2246.449951171875,2.0
2020-04-17 14:10:00,2246.39990234375,2249.85009765625,2246.199951171875,2249.85009765625,41.0
2020-04-17 14:15:00,2249.449951171875,2249.449951171875,2249.449951171875,2249.449951171875,0.0
2020-04-17 14:20:00,2245.199951171875,2245.199951171875,2245.199951171875,2245.199951171875,2.0
2020-04-17 14:25:00,2249.0,2249.0,2249.0,2249.0,7.0
2020-04-17 14:30:00,2245.0,2245.0,2245.0,2245.0,1.0
2020-04-17 14:35:00,2245.0,2245.0,2245.0,2245.0,4.0
2020-04-17 14:45:00,2247.0,2250.0,2246.0,2250.0,44.0
2020-04-17 14:55:00,2249.449951171875,2249.449951171875,2249.449951171875,2249.449951171875,4.0
2020-04-17 15:05:00,2250.0,2255.35009765625,2249.949951171875,2251.300048828125,298.0
2020-04-17 15:10:00,2256.25,2256.25,2245.64990234375,2254.300048828125,23.0
2020-04-17 15:15:00,2256.0,2256.050048828125,2248.64990234375,2248.64990234375,39.0
2020-04-17 15:20:00,2248.64990234375,2250.10009765625,2246.949951171875,2250.10009765625,15.0
2020-04-17 15:25:00,2250.050048828125,2252.800048828125,2250.0,2252.800048828125,95.0
2020-04-20 09:15:00,2255.0,2281.949951171875,2255.0,2255.89990234375,0.0
2020-04-20 09:20:00,2259.39990234375,2261.85009765625,2259.39990234375,2261.85009765625,12.0
2020-04-20 09:25:00,2257.300048828125,2257.300048828125,2255.050048828125,2255.050048828125,18.0
2020-04-20 09:30:00,2268.5,2268.5,2268.5,2268.5,6.0
2020-04-20 09:35:00,2268.300048828125,2268.449951171875,2268.300048828125,2268.449951171875,11.0
2020-04-20 09:40:00,2268.300048828125,2268.300048828125,2268.25,2268.25,6.0
2020-04-20 09:45:00,2266.25,2266.25,2251.300048828125,2251.300048828125,135.0
2020-04-20 09:50:00,2262.449951171875,2262.449951171875,2262.449951171875,2262.449951171875,27.0
2020-04-20 09:55:00,2254.89990234375,2254.89990234375,2250.0,2250.0,21.0
2020-04-20 10:00:00,2250.050048828125,2261.949951171875,2250.050048828125,2261.949951171875,11.0
2020-04-20 10:05:00,2262.0,2265.64990234375,2262.0,2265.64990234375,15.0
2020-04-20 10:15:00,2268.25,2268.25,2268.25,2268.25,0.0
2020-04-20 10:20:00,2257.89990234375,2257.89990234375,2257.89990234375,2257.89990234375,8.0
2020-04-20 10:25:00,2267.75,2267.75,2265.699951171875,2265.699951171875,5.0
2020-04-20 10:35:00,2265.0,2265.0,2265.0,2265.0,0.0
2020-04-20 10:40:00,2265.0,2268.550048828125,2265.0,2268.550048828125,10.0
2020-04-20 10:45:00,2259.699951171875,2268.800048828125,2259.699951171875,2268.800048828125,6.0
2020-04-20 10:50:00,2258.550048828125,2258.550048828125,2258.550048828125,2258.550048828125,4.0
2020-04-20 11:00:00,2258.699951171875,2258.699951171875,2258.699951171875,2258.699951171875,2.0
2020-04-20 11:05:00,2260.89990234375,2260.89990234375,2260.89990234375,2260.89990234375,8.0
2020-04-20 11:10:00,2258.800048828125,2258.800048828125,2258.800048828125,2258.800048828125,2.0
2020-04-20 11:20:00,2258.550048828125,2258.550048828125,2258.550048828125,2258.550048828125,5.0
2020-04-20 11:25:00,2250.0,2257.949951171875,2250.0,2257.949951171875,45.0
2020-04-20 11:30:00,2255.0,2255.0,2255.0,2255.0,8.0
2020-04-20 11:35:00,2256.800048828125,2256.800048828125,2256.800048828125,2256.800048828125,8.0
2020-04-20 11:45:00,2256.85009765625,2256.85009765625,2256.85009765625,2256.85009765625,0.0
2020-04-20 11:50:00,2255.0,2255.0,2251.0,2251.10009765625,22.0
2020-04-20 11:55:00,2251.10009765625,2251.10009765625,2251.10009765625,2251.10009765625,1.0
2020-04-20 12:00:00,2256.800048828125,2256.800048828125,2251.39990234375,2251.39990234375,1.0
2020-04-20 12:05:00,2256.85009765625,2256.85009765625,2256.85009765625,2256.85009765625,6.0
2020-04-20 12:20:00,2256.800048828125,2256.800048828125,2256.800048828125,2256.800048828125,2.0
2020-04-20 12:25:00,2256.85009765625,2258.550048828125,2256.85009765625,2258.550048828125,6.0
2020-04-20 12:30:00,2258.550048828125,2258.550048828125,2258.550048828125,2258.550048828125,0.0
2020-04-20 12:35:00,2258.5,2258.5,2258.5,2258.5,4.0
2020-04-20 12:45:00,2258.0,2258.0,2258.0,2258.0,10.0
2020-04-20 12:50:00,2258.550048828125,2262.0,2258.550048828125,2262.0,24.0
2020-04-20 13:00:00,2259.050048828125,2266.199951171875,2259.050048828125,2266.199951171875,7.0
2020-04-20 13:05:00,2265.89990234375,2265.89990234375,2265.89990234375,2265.89990234375,2.0
2020-04-20 13:10:00,2266.699951171875,2266.699951171875,2266.699951171875,2266.699951171875,1.0
2020-04-20 13:15:00,2252.300048828125,2252.300048828125,2252.300048828125,2252.300048828125,55.0
2020-04-20 13:20:00,2260.0,2260.0,2260.0,2260.0,314.0
2020-04-20 13:25:00,2260.0,2260.0,2260.0,2260.0,0.0
2020-04-20 13:30:00,2265.449951171875,2269.0,2253.300048828125,2269.0,33.0
2020-04-20 13:35:00,2273.89990234375,2300.0,2271.550048828125,2274.89990234375,1212.0
2020-04-20 13:40:00,2273.300048828125,2288.5,2273.300048828125,2280.25,75.0
2020-04-20 13:45:00,2286.0,2299.89990234375,2286.0,2291.14990234375,239.0
2020-04-20 13:50:00,2285.75,2286.5,2285.75,2286.5,3.0
2020-04-20 13:55:00,2286.5,2286.5,2272.0,2272.0,112.0
2020-04-20 14:00:00,2272.0,2272.0,2262.949951171875,2262.949951171875,151.0
2020-04-20 14:05:00,2269.10009765625,2269.10009765625,2260.35009765625,2263.60009765625,17.0
2020-04-20 14:10:00,2263.449951171875,2268.0,2263.449951171875,2265.0,13.0
2020-04-20 14:15:00,2267.949951171875,2267.949951171875,2265.0,2265.0,17.0
2020-04-20 14:20:00,2263.5,2265.0,2263.5,2264.050048828125,11.0
2020-04-20 14:25:00,2264.050048828125,2270.0,2264.050048828125,2265.0,84.0
2020-04-20 14:30:00,2265.0,2269.85009765625,2265.0,2266.0,39.0
2020-04-20 14:35:00,2266.0,2266.0,2266.0,2266.0,0.0
2020-04-20 14:40:00,2266.0,2269.699951171875,2252.25,2257.0,138.0
2020-04-20 14:45:00,2257.0,2260.0,2250.0,2250.0,118.0
2020-04-20 14:50:00,2250.050048828125,2250.550048828125,2250.050048828125,2250.5,3.0
2020-04-20 14:55:00,2250.5,2256.10009765625,2250.5,2251.0,108.0
2020-04-20 15:00:00,2250.300048828125,2250.35009765625,2240.0,2240.0,184.0
2020-04-20 15:05:00,2240.0,2240.0,2230.050048828125,2236.0,51.0
2020-04-20 15:10:00,2236.0,2236.0,2225.0,2230.0,83.0
2020-04-20 15:15:00,2230.0,2230.0,2228.60009765625,2228.60009765625,33.0
2020-04-20 15:20:00,2227.75,2230.0,2227.75,2229.39990234375,142.0
2020-04-20 15:25:00,2225.0,2238.050048828125,2223.25,2233.89990234375,180.0
2020-04-21 09:15:00,2201.0,2210.0,2201.0,2202.050048828125,0.0
2020-04-21 09:20:00,2210.0,2210.0,2175.0,2185.0,133.0
2020-04-21 09:25:00,2180.0,2180.0,2180.0,2180.0,19.0
2020-04-21 09:30:00,2182.949951171875,2182.949951171875,2180.39990234375,2180.39990234375,28.0
2020-04-21 09:35:00,2177.449951171875,2177.449951171875,2177.449951171875,2177.449951171875,19.0
2020-04-21 09:40:00,2187.949951171875,2188.550048828125,2187.949951171875,2188.550048828125,15.0
2020-04-21 09:45:00,2194.300048828125,2194.300048828125,2184.949951171875,2191.050048828125,25.0
2020-04-21 09:50:00,2186.949951171875,2191.050048828125,2185.14990234375,2191.050048828125,24.0
2020-04-21 09:55:00,2189.64990234375,2189.64990234375,2185.050048828125,2185.14990234375,19.0
2020-04-21 10:00:00,2185.300048828125,2191.550048828125,2185.0,2185.0,51.0
2020-04-21 10:05:00,2184.35009765625,2184.60009765625,2175.14990234375,2176.050048828125,184.0
2020-04-21 10:10:00,2175.199951171875,2175.25,2175.0,2175.25,47.0
2020-04-21 10:15:00,2179.75,2179.75,2176.0,2176.0,56.0
2020-04-21 10:20:00,2176.0,2176.0,2175.0,2175.10009765625,41.0
2020-04-21 10:25:00,2175.199951171875,2178.60009765625,2175.199951171875,2178.60009765625,7.0
2020-04-21 10:30:00,2175.60009765625,2178.60009765625,2175.10009765625,2178.60009765625,33.0
2020-04-21 10:35:00,2178.60009765625,2179.85009765625,2178.60009765625,2179.85009765625,15.0
2020-04-21 10:40:00,2179.85009765625,2179.85009765625,2175.199951171875,2175.199951171875,12.0
2020-04-21 10:45:00,2175.300048828125,2191.550048828125,2175.300048828125,2190.0,306.0
2020-04-21 10:50:00,2199.0,2200.0,2199.0,2200.0,12.0
2020-04-21 10:55:00,2200.14990234375,2208.64990234375,2200.14990234375,2206.0,52.0
2020-04-21 11:00:00,2204.449951171875,2223.0,2204.0,2222.89990234375,118.0
2020-04-21 11:05:00,2222.0,2245.0,2222.0,2239.10009765625,79.0
2020-04-21 11:10:00,2250.0,2259.0,2250.0,2250.0,362.0
2020-04-21 11:15:00,2250.0,2250.0,2236.0,2236.0,0.0
2020-04-21 11:20:00,2228.800048828125,2228.800048828125,2215.0,2217.300048828125,41.0
2020-04-21 11:25:00,2216.85009765625,2231.449951171875,2216.85009765625,2230.89990234375,16.0
2020-04-21 11:30:00,2217.64990234375,2217.64990234375,2215.85009765625,2215.85009765625,4.0
2020-04-21 11:35:00,2214.050048828125,2216.14990234375,2201.5,2201.5,196.0
2020-04-21 11:40:00,2200.60009765625,2202.0,2200.449951171875,2202.0,2.0
2020-04-21 11:45:00,2201.300048828125,2205.199951171875,2200.449951171875,2205.199951171875,22.0
2020-04-21 11:50:00,2200.199951171875,2200.199951171875,2200.199951171875,2200.199951171875,3.0
2020-04-21 11:55:00,2200.14990234375,2200.14990234375,2191.10009765625,2197.0,34.0
2020-04-21 12:00:00,2198.89990234375,2202.0,2198.800048828125,2198.800048828125,41.0
2020-04-21 12:05:00,2198.85009765625,2199.0,2191.10009765625,2191.10009765625,5.0
2020-04-21 12:10:00,2191.050048828125,2191.10009765625,2180.449951171875,2180.449951171875,12.0
2020-04-21 12:15:00,2181.0,2181.0,2180.5,2180.550048828125,15.0
2020-04-21 12:20:00,2180.5,2180.550048828125,2180.5,2180.550048828125,6.0
2020-04-21 12:25:00,2180.5,2180.5,2180.0,2180.300048828125,22.0
2020-04-21 12:35:00,2182.050048828125,2188.0,2181.14990234375,2188.0,23.0
2020-04-21 12:40:00,2188.699951171875,2188.699951171875,2188.699951171875,2188.699951171875,3.0
2020-04-21 12:45:00,2180.35009765625,2180.35009765625,2180.35009765625,2180.35009765625,10.0
2020-04-21 12:50:00,2180.85009765625,2188.75,2180.85009765625,2188.75,9.0
2020-04-21 12:55:00,2181.800048828125,2181.800048828125,2181.35009765625,2181.35009765625,17.0
2020-04-21 13:00:00,2181.35009765625,2181.449951171875,2181.35009765625,2181.449951171875,19.0
2020-04-21 13:05:00,2181.5,2189.89990234375,2181.5,2189.89990234375,29.0
2020-04-21 13:10:00,2185.0,2185.60009765625,2185.0,2185.050048828125,37.0
2020-04-21 13:15:00,2185.10009765625,2189.75,2185.0,2189.75,58.0
2020-04-21 13:20:00,2190.300048828125,2190.300048828125,2190.300048828125,2190.300048828125,104.0
2020-04-21 13:25:00,2199.449951171875,2199.449951171875,2186.0,2186.550048828125,36.0
2020-04-21 13:30:00,2186.949951171875,2186.949951171875,2185.449951171875,2185.449951171875,10.0
2020-04-21 13:35:00,2185.199951171875,2185.300048828125,2185.14990234375,2185.25,9.0
2020-04-21 13:40:00,2185.300048828125,2200.0,2185.300048828125,2200.0,118.0
2020-04-21 13:45:00,2200.0,2200.0,2198.0,2198.0,59.0
2020-04-21 13:50:00,2198.0,2198.0,2196.0,2196.0,12.0
2020-04-21 13:55:00,2193.5,2193.5,2185.199951171875,2185.199951171875,41.0
2020-04-21 14:00:00,2185.14990234375,2185.89990234375,2178.0,2185.89990234375,147.0
2020-04-21 14:05:00,2188.550048828125,2188.550048828125,2188.550048828125,2188.550048828125,8.0
2020-04-21 14:10:00,2187.199951171875,2194.449951171875,2186.75,2194.449951171875,12.0
2020-04-21 14:15:00,2185.89990234375,2186.14990234375,2185.0,2186.0,17.0
2020-04-21 14:20:00,2180.550048828125,2188.0,2180.550048828125,2185.0,21.0
2020-04-21 14:25:00,2186.0,2187.0,2185.300048828125,2185.300048828125,22.0
2020-04-21 14:30:00,2187.949951171875,2190.0,2186.449951171875,2186.449951171875,29.0
2020-04-21 14:35:00,2190.0,2190.0,2190.0,2190.0,2.0
2020-04-21 14:40:00,2190.25,2194.89990234375,2190.25,2194.89990234375,30.0
2020-04-21 14:45:00,2193.75,2196.85009765625,2190.25,2196.85009765625,5.0
2020-04-21 14:50:00,2197.949951171875,2197.949951171875,2197.949951171875,2197.949951171875,6.0
2020-04-21 14:55:00,2192.35009765625,2222.0,2192.35009765625,2222.0,48.0
2020-04-21 15:00:00,2218.949951171875,2235.0,2218.949951171875,2235.0,130.0
2020-04-21 15:05:00,2248.0,2248.0,2232.0,2232.0,222.0
2020-04-21 15:10:00,2232.0,2232.0,2225.0,2225.0,17.0
2020-04-21 15:15:00,2225.0,2225.0,2219.35009765625,2219.35009765625,0.0
2020-04-21 15:20:00,2217.25,2229.85009765625,2217.25,2229.85009765625,20.0
2020-04-21 15:25:00,2216.949951171875,2230.699951171875,2211.85009765625,2230.699951171875,72.0
2020-04-22 09:20:00,2235.0,2235.0,2212.64990234375,2212.64990234375,4.0
2020-04-22 09:25:00,2213.64990234375,2213.64990234375,2175.0,2175.10009765625,313.0
2020-04-22 09:30:00,2182.5,2194.300048828125,2182.5,2194.300048828125,17.0
2020-04-22 09:35:00,2194.300048828125,2194.300048828125,2194.300048828125,2194.300048828125,0.0
2020-04-22 09:40:00,2198.75,2198.75,2184.25,2184.25,3.0
2020-04-22 09:45:00,2184.25,2197.25,2184.25,2197.25,13.0
2020-04-22 09:50:00,2197.14990234375,2200.0,2197.14990234375,2200.0,40.0
2020-04-22 09:55:00,2214.300048828125,2214.300048828125,2200.10009765625,2200.10009765625,9.0
2020-04-22 10:00:00,2213.699951171875,2214.300048828125,2213.699951171875,2214.300048828125,0.0
2020-04-22 10:05:00,2213.949951171875,2213.949951171875,2213.949951171875,2213.949951171875,3.0
2020-04-22 10:10:00,2213.949951171875,2213.949951171875,2213.949951171875,2213.949951171875,1.0
2020-04-22 10:15:00,2214.0,2220.050048828125,2214.0,2220.0,6.0
2020-04-22 10:20:00,2230.0,2234.949951171875,2230.0,2230.0,147.0
2020-04-22 10:25:00,2230.0,2230.14990234375,2230.0,2230.0,10.0
2020-04-22 10:30:00,2230.0,2230.050048828125,2230.0,2230.050048828125,79.0
2020-04-22 10:35:00,2230.050048828125,2230.050048828125,2230.050048828125,2230.050048828125,0.0
2020-04-22 10:40:00,2230.0,2234.949951171875,2230.0,2234.949951171875,14.0
2020-04-22 10:45:00,2235.0,2235.0,2230.0,2230.0,11.0
2020-04-22 10:55:00,2230.0,2230.0,2230.0,2230.0,9.0
2020-04-22 11:05:00,2230.0,2230.0,2230.0,2230.0,17.0
2020-04-22 11:10:00,2233.85009765625,2233.85009765625,2230.0,2230.0,6.0
2020-04-22 11:20:00,2230.0,2230.0,2230.0,2230.0,2.0
2020-04-22 11:25:00,2230.0,2230.0,2230.0,2230.0,64.0
2020-04-22 11:30:00,2215.14990234375,2215.14990234375,2215.14990234375,2215.14990234375,0.0
2020-04-22 11:35:00,2210.050048828125,2217.25,2210.050048828125,2217.25,30.0
2020-04-22 11:40:00,2220.0,2220.0,2220.0,2220.0,9.0
2020-04-22 11:45:00,2215.550048828125,2215.550048828125,2200.0,2200.0,23.0
2020-04-22 11:50:00,2200.0,2207.800048828125,2200.0,2207.800048828125,2.0
2020-04-22 11:55:00,2206.85009765625,2211.550048828125,2206.85009765625,2211.550048828125,17.0
2020-04-22 12:05:00,2213.949951171875,2217.25,2213.949951171875,2217.25,11.0
2020-04-22 12:10:00,2220.0,2220.0,2220.0,2220.0,1.0
2020-04-22 12:20:00,2206.050048828125,2206.050048828125,2206.050048828125,2206.050048828125,7.0
2020-04-22 12:30:00,2206.050048828125,2206.050048828125,2206.050048828125,2206.050048828125,0.0
2020-04-22 12:40:00,2216.64990234375,2216.64990234375,2216.64990234375,2216.64990234375,1.0
2020-04-22 12:55:00,2207.050048828125,2215.0,2205.0,2205.0,251.0
2020-04-22 13:00:00,2212.60009765625,2212.60009765625,2202.10009765625,2202.10009765625,45.0
2020-04-22 13:05:00,2202.0,2210.300048828125,2202.0,2202.550048828125,7.0
2020-04-22 13:20:00,2203.10009765625,2203.10009765625,2203.10009765625,2203.10009765625,0.0
2020-04-22 13:30:00,2203.14990234375,2203.14990234375,2203.14990234375,2203.14990234375,1.0
2020-04-22 13:40:00,2208.300048828125,2215.0,2207.800048828125,2214.949951171875,78.0
2020-04-22 13:45:00,2215.0,2233.949951171875,2214.35009765625,2233.949951171875,461.0
2020-04-22 13:50:00,2235.0,2238.699951171875,2230.050048828125,2230.050048828125,38.0
2020-04-22 13:55:00,2230.050048828125,2230.050048828125,2230.050048828125,2230.050048828125,0.0
2020-04-22 14:15:00,2234.300048828125,2235.0,2215.050048828125,2215.050048828125,79.0
2020-04-22 14:20:00,2223.0,2225.0,2223.0,2225.0,80.0
2020-04-22 14:25:00,2225.300048828125,2230.0,2225.300048828125,2230.0,234.0
2020-04-22 14:30:00,2235.0,2245.0,2235.0,2244.75,95.0
2020-04-22 14:35:00,2244.5,2244.5,2232.0,2240.449951171875,42.0
2020-04-22 15:00:00,2238.449951171875,2238.449951171875,2234.0,2234.0,21.0
2020-04-22 15:10:00,2234.10009765625,2234.10009765625,2234.0,2234.10009765625,44.0
2020-04-22 15:15:00,2235.0,2235.0,2230.0,2230.0,146.0
2020-04-22 15:20:00,2225.0,2229.0,2225.0,2227.0,439.0
2020-04-22 15:25:00,2228.949951171875,2229.550048828125,2226.0,2229.550048828125,182.0
2020-04-23 09:15:00,2227.0,2227.0,2200.0,2220.050048828125,0.0
2020-04-23 09:20:00,2220.25,2220.25,2220.25,2220.25,4.0
2020-04-23 09:30:00,2222.0,2240.050048828125,2222.0,2238.050048828125,33.0
2020-04-23 09:35:00,2239.35009765625,2239.35009765625,2234.25,2234.25,9.0
2020-04-23 09:40:00,2236.949951171875,2236.949951171875,2236.949951171875,2236.949951171875,1.0
2020-04-23 09:50:00,2237.0,2237.0,2237.0,2237.0,15.0
2020-04-23 09:55:00,2237.0,2237.0,2231.050048828125,2231.050048828125,40.0
2020-04-23 10:05:00,2236.949951171875,2236.949951171875,2236.949951171875,2236.949951171875,0.0
2020-04-23 10:10:00,2237.0,2237.0,2237.0,2237.0,16.0
2020-04-23 10:15:00,2230.39990234375,2236.85009765625,2230.39990234375,2236.85009765625,0.0
2020-04-23 10:20:00,2237.0,2237.0,2230.0,2237.0,75.0
2020-04-23 10:25:00,2237.0,2237.0,2237.0,2237.0,1.0
2020-04-23 10:35:00,2237.0,2237.0,2237.0,2237.0,4.0
2020-04-23 10:40:00,2230.199951171875,2230.199951171875,2230.199951171875,2230.199951171875,1.0
2020-04-23 10:50:00,2235.0,2235.0,2235.0,2235.0,43.0
2020-04-23 11:05:00,2230.0,2234.949951171875,2225.89990234375,2225.89990234375,0.0
2020-04-23 11:10:00,2234.35009765625,2235.0,2234.35009765625,2234.949951171875,18.0
2020-04-23 11:25:00,2230.0,2231.449951171875,2220.199951171875,2231.449951171875,18.0
2020-04-23 11:35:00,2220.800048828125,2220.800048828125,2220.800048828125,2220.800048828125,30.0
2020-04-23 11:40:00,2230.0,2237.0,2230.0,2237.0,100.0
2020-04-23 11:45:00,2234.949951171875,2234.949951171875,2234.949951171875,2234.949951171875,0.0
2020-04-23 11:50:00,2233.39990234375,2233.39990234375,2233.39990234375,2233.39990234375,1.0
2020-04-23 11:55:00,2228.199951171875,2228.199951171875,2228.199951171875,2228.199951171875,2.0
2020-04-23 12:00:00,2228.199951171875,2234.300048828125,2228.199951171875,2228.89990234375,5.0
2020-04-23 12:10:00,2226.5,2226.5,2226.5,2226.5,2.0
2020-04-23 12:15:00,2228.14990234375,2228.14990234375,2205.0,2213.949951171875,321.0
2020-04-23 12:20:00,2211.800048828125,2211.800048828125,2208.89990234375,2208.89990234375,8.0
2020-04-23 12:25:00,2208.300048828125,2208.5,2208.300048828125,2208.5,45.0
2020-04-23 12:30:00,2211.0,2225.5,2206.0,2206.0,175.0
2020-04-23 12:35:00,2206.0,2214.0,2187.050048828125,2200.0,728.0
2020-04-23 12:40:00,2200.0,2200.0,2200.0,2200.0,1.0
2020-04-23 12:45:00,2186.25,2220.0,2181.5,2181.5,217.0
2020-04-23 12:50:00,2200.14990234375,2200.14990234375,2199.89990234375,2200.0,13.0
2020-04-23 12:55:00,2199.0,2199.0,2197.0,2198.0,100.0
2020-04-23 13:00:00,2199.89990234375,2199.89990234375,2199.89990234375,2199.89990234375,0.0
2020-04-23 13:05:00,2195.0,2205.0,2195.0,2205.0,93.0
2020-04-23 13:10:00,2203.050048828125,2203.050048828125,2202.0,2202.0,11.0
2020-04-23 13:15:00,2202.0,2212.949951171875,2202.0,2202.0,12.0
2020-04-23 13:20:00,2202.0,2202.0,2202.0,2202.0,2.0
2020-04-23 13:25:00,2205.0,2211.550048828125,2202.0,2202.0,43.0
2020-04-23 13:35:00,2195.050048828125,2195.050048828125,2195.050048828125,2195.050048828125,2.0
2020-04-23 13:45:00,2195.050048828125,2205.800048828125,2195.050048828125,2205.800048828125,8.0
2020-04-23 13:50:00,2196.050048828125,2205.800048828125,2196.050048828125,2202.0,13.0
2020-04-23 13:55:00,2206.0,2206.0,2206.0,2206.0,1.0
2020-04-23 14:00:00,2206.0,2206.0,2206.0,2206.0,1.0
2020-04-23 14:05:00,2200.050048828125,2200.050048828125,2200.0,2200.050048828125,26.0
2020-04-23 14:15:00,2200.10009765625,2200.10009765625,2170.0,2170.0,717.0
2020-04-23 14:20:00,2170.0,2180.5,2170.0,2180.5,79.0
2020-04-23 14:25:00,2183.0,2185.89990234375,2170.0,2183.10009765625,156.0
2020-04-23 14:30:00,2184.0,2184.0,2170.0,2170.0,22.0
2020-04-23 14:35:00,2170.0,2183.050048828125,2170.0,2175.0,93.0
2020-04-23 14:40:00,2175.0,2184.949951171875,2170.0,2170.050048828125,109.0
2020-04-23 14:45:00,2180.14990234375,2182.949951171875,2170.0,2180.199951171875,146.0
2020-04-23 14:50:00,2170.0,2178.10009765625,2170.0,2178.10009765625,18.0
2020-04-23 14:55:00,2175.0,2175.0,2170.0,2170.050048828125,57.0
2020-04-23 15:00:00,2175.800048828125,2175.800048828125,2170.0,2174.949951171875,64.0
2020-04-23 15:05:00,2170.050048828125,2174.0,2170.050048828125,2174.0,62.0
2020-04-23 15:10:00,2173.949951171875,2175.0,2150.0,2150.0,480.0
2020-04-23 15:15:00,2150.0,2155.0,2126.0,2139.949951171875,337.0
2020-04-23 15:20:00,2147.39990234375,2148.949951171875,2126.0,2144.35009765625,239.0
2020-04-23 15:25:00,2142.60009765625,2147.550048828125,2136.0,2147.550048828125,257.0
2020-04-24 09:15:00,2147.0,2147.0,2146.949951171875,2147.0,0.0
2020-04-24 09:20:00,2158.60009765625,2158.60009765625,2153.39990234375,2153.39990234375,3.0
2020-04-24 09:25:00,2155.0,2159.0,2152.0,2159.0,55.0
2020-04-24 09:30:00,2152.0,2159.0,2152.0,2155.0,23.0
2020-04-24 09:35:00,2159.0,2159.0,2155.0,2158.699951171875,113.0
2020-04-24 09:40:00,2155.050048828125,2155.050048828125,2155.050048828125,2155.050048828125,0.0
2020-04-24 09:45:00,2155.0,2155.0,2155.0,2155.0,32.0
2020-04-24 09:50:00,2161.89990234375,2164.0,2160.300048828125,2164.0,99.0
2020-04-24 09:55:00,2164.0,2164.0,2164.0,2164.0,0.0
2020-04-24 10:00:00,2164.0,2164.0,2160.300048828125,2160.300048828125,29.0
2020-04-24 10:10:00,2158.699951171875,2158.699951171875,2150.0,2150.0,62.0
2020-04-24 10:15:00,2150.0,2150.0,2140.0,2147.89990234375,56.0
2020-04-24 10:20:00,2140.10009765625,2140.10009765625,2125.0,2134.85009765625,391.0
2020-04-24 10:25:00,2130.60009765625,2139.449951171875,2130.550048828125,2139.449951171875,47.0
2020-04-24 10:30:00,2139.449951171875,2139.449951171875,2125.0,2136.449951171875,104.0
2020-04-24 10:35:00,2135.949951171875,2135.949951171875,2135.949951171875,2135.949951171875,13.0
2020-04-24 10:40:00,2135.0,2135.949951171875,2130.0,2135.949951171875,15.0
2020-04-24 10:45:00,2135.949951171875,2135.949951171875,2135.949951171875,2135.949951171875,39.0
2020-04-24 10:50:00,2135.949951171875,2135.949951171875,2128.550048828125,2134.800048828125,35.0
2020-04-24 10:55:00,2128.89990234375,2128.89990234375,2128.89990234375,2128.89990234375,0.0
2020-04-24 11:00:00,2133.35009765625,2133.35009765625,2133.300048828125,2133.300048828125,16.0
2020-04-24 11:05:00,2133.39990234375,2133.39990234375,2133.39990234375,2133.39990234375,45.0
2020-04-24 11:10:00,2133.39990234375,2133.39990234375,2129.050048828125,2129.050048828125,39.0
2020-04-24 11:15:00,2133.39990234375,2133.39990234375,2133.39990234375,2133.39990234375,98.0
2020-04-24 11:25:00,2134.0,2134.0,2129.050048828125,2129.050048828125,12.0
2020-04-24 11:30:00,2134.800048828125,2134.800048828125,2134.800048828125,2134.800048828125,0.0
2020-04-24 11:35:00,2130.14990234375,2130.14990234375,2130.0,2130.0,44.0
2020-04-24 11:40:00,2129.0,2129.0,2125.0,2125.0,87.0
2020-04-24 11:45:00,2125.0,2133.75,2125.0,2125.0,27.0
2020-04-24 11:55:00,2125.0,2125.0,2125.0,2125.0,122.0
2020-04-24 12:05:00,2132.14990234375,2132.14990234375,2132.14990234375,2132.14990234375,0.0
2020-04-24 12:10:00,2132.14990234375,2132.14990234375,2132.14990234375,2132.14990234375,10.0
2020-04-24 12:25:00,2132.10009765625,2132.14990234375,2127.300048828125,2127.300048828125,18.0
2020-04-24 12:40:00,2127.449951171875,2127.449951171875,2127.449951171875,2127.449951171875,4.0
2020-04-24 12:45:00,2134.5,2134.5,2134.5,2134.5,11.0
2020-04-24 12:55:00,2134.0,2134.0,2127.449951171875,2133.85009765625,5.0
2020-04-24 13:00:00,2133.85009765625,2133.85009765625,2130.0,2133.0,32.0
2020-04-24 13:05:00,2133.0,2133.0,2130.10009765625,2133.0,29.0
2020-04-24 13:10:00,2133.0,2133.0,2133.0,2133.0,1.0
2020-04-24 13:15:00,2133.0,2133.0,2130.0,2132.949951171875,13.0
2020-04-24 13:20:00,2133.0,2133.0,2133.0,2133.0,4.0
2020-04-24 13:25:00,2133.0,2133.0,2130.0,2130.0,8.0
2020-04-24 13:30:00,2127.449951171875,2132.89990234375,2127.449951171875,2132.89990234375,3.0
2020-04-24 13:40:00,2127.550048828125,2127.550048828125,2127.550048828125,2127.550048828125,0.0
2020-04-24 13:45:00,2132.60009765625,2132.60009765625,2132.60009765625,2132.60009765625,1724.0
2020-04-24 13:50:00,2132.75,2132.75,2128.050048828125,2128.550048828125,26.0
2020-04-24 13:55:00,2132.800048828125,2132.800048828125,2128.0,2128.10009765625,48.0
2020-04-24 14:00:00,2128.10009765625,2129.0,2128.0,2129.0,44.0
2020-04-24 14:05:00,2126.949951171875,2126.949951171875,2106.550048828125,2107.050048828125,132.0
2020-04-24 14:10:00,2107.050048828125,2107.050048828125,2105.050048828125,2106.0,39.0
2020-04-24 14:15:00,2106.0,2106.0,2105.050048828125,2105.050048828125,11.0
2020-04-24 14:20:00,2100.0,2107.050048828125,2098.0,2098.0,144.0
2020-04-24 14:25:00,2098.0,2103.449951171875,2096.949951171875,2097.050048828125,37.0
2020-04-24 14:30:00,2103.35009765625,2103.35009765625,2091.0,2091.0,48.0
2020-04-24 14:35:00,2090.0,2101.199951171875,2090.0,2092.949951171875,49.0
2020-04-24 14:40:00,2097.300048828125,2097.300048828125,2090.0,2090.050048828125,25.0
2020-04-24 14:45:00,2090.199951171875,2095.5,2090.10009765625,2092.10009765625,24.0
2020-04-24 14:50:00,2092.14990234375,2094.550048828125,2087.0,2087.0,164.0
2020-04-24 14:55:00,2089.800048828125,2089.949951171875,2087.5,2087.5,20.0
2020-04-24 15:00:00,2087.5,2088.85009765625,2086.0,2088.85009765625,15.0
2020-04-24 15:05:00,2089.949951171875,2090.0,2088.0,2090.0,16.0
2020-04-24 15:10:00,2090.0,2090.0,2082.0,2083.10009765625,131.0
2020-04-24 15:15:00,2084.39990234375,2106.300048828125,2083.0,2106.300048828125,39.0
2020-04-24 15:20:00,2106.300048828125,2108.89990234375,2089.25,2092.050048828125,66.0
2020-04-24 15:25:00,2092.050048828125,2108.0,2090.0,2091.949951171875,203.0
2020-04-27 09:15:00,2145.0,2145.0,2091.949951171875,2129.949951171875,0.0
2020-04-27 09:20:00,2111.10009765625,2125.0,2111.10009765625,2112.10009765625,26.0
2020-04-27 09:25:00,2112.300048828125,2112.300048828125,2112.300048828125,2112.300048828125,0.0
2020-04-27 09:30:00,2109.5,2120.0,2109.5,2119.949951171875,20.0
2020-04-27 09:35:00,2120.0,2120.0,2111.050048828125,2111.050048828125,28.0
2020-04-27 09:40:00,2114.050048828125,2114.050048828125,2111.050048828125,2111.050048828125,20.0
2020-04-27 09:45:00,2111.050048828125,2111.050048828125,2111.050048828125,2111.050048828125,2.0
2020-04-27 09:50:00,2106.0,2106.0,2093.60009765625,2093.60009765625,68.0
2020-04-27 09:55:00,2097.449951171875,2097.449951171875,2097.0,2097.0,6.0
2020-04-27 10:00:00,2097.0,2097.0,2097.0,2097.0,1.0
2020-04-27 10:05:00,2099.949951171875,2120.0,2099.949951171875,2119.949951171875,354.0
2020-04-27 10:10:00,2119.949951171875,2119.949951171875,2119.949951171875,2119.949951171875,5.0
2020-04-27 10:15:00,2120.0,2123.550048828125,2119.949951171875,2123.550048828125,9.0
2020-04-27 10:20:00,2123.60009765625,2124.300048828125,2123.60009765625,2124.300048828125,14.0
2020-04-27 10:25:00,2124.300048828125,2125.0,2124.300048828125,2125.0,2.0
2020-04-27 10:30:00,2130.5,2130.5,2130.5,2130.5,1.0
2020-04-27 10:45:00,2135.0,2135.0,2135.0,2135.0,235.0
2020-04-27 10:50:00,2135.0,2135.0,2122.699951171875,2122.699951171875,68.0
2020-04-27 10:55:00,2122.60009765625,2122.60009765625,2122.60009765625,2122.60009765625,1.0
2020-04-27 11:00:00,2116.550048828125,2116.550048828125,2116.550048828125,2116.550048828125,1.0
2020-04-27 11:05:00,2121.800048828125,2130.0,2121.699951171875,2128.35009765625,24.0
2020-04-27 11:10:00,2132.300048828125,2132.300048828125,2132.300048828125,2132.300048828125,1.0
2020-04-27 11:20:00,2124.39990234375,2124.39990234375,2124.39990234375,2124.39990234375,0.0
2020-04-27 11:25:00,2130.39990234375,2130.39990234375,2130.39990234375,2130.39990234375,2.0
2020-04-27 11:30:00,2130.35009765625,2130.35009765625,2130.35009765625,2130.35009765625,2.0
2020-04-27 11:40:00,2130.449951171875,2130.550048828125,2130.449951171875,2130.550048828125,35.0
2020-04-27 11:45:00,2132.14990234375,2132.14990234375,2132.14990234375,2132.14990234375,7.0
2020-04-27 11:50:00,2121.0,2121.0,2121.0,2121.0,76.0
2020-04-27 11:55:00,2120.0,2120.0,2108.0,2108.0,89.0
2020-04-27 12:00:00,2107.0,2107.0,2097.0,2099.0,130.0
2020-04-27 12:05:00,2099.5,2099.5,2099.5,2099.5,16.0
2020-04-27 12:10:00,2099.5,2099.5,2098.75,2098.75,4.0
2020-04-27 12:15:00,2098.5,2109.0,2098.5,2109.0,437.0
2020-04-27 12:25:00,2117.300048828125,2120.5,2114.0,2114.0,12.0
2020-04-27 12:30:00,2114.0,2114.0,2114.0,2114.0,0.0
2020-04-27 12:35:00,2114.0,2114.0,2114.0,2114.0,9.0
2020-04-27 12:40:00,2114.0,2114.0,2110.0,2110.0,18.0
2020-04-27 12:45:00,2112.0,2119.0,2112.0,2119.0,29.0
2020-04-27 12:50:00,2119.949951171875,2119.949951171875,2119.89990234375,2119.949951171875,54.0
2020-04-27 12:55:00,2119.949951171875,2130.199951171875,2119.949951171875,2130.199951171875,96.0
2020-04-27 13:00:00,2135.0,2156.949951171875,2135.0,2156.699951171875,269.0
2020-04-27 13:05:00,2154.050048828125,2158.949951171875,2143.89990234375,2150.0,39.0
2020-04-27 13:10:00,2154.949951171875,2154.949951171875,2150.0,2153.800048828125,3.0
2020-04-27 13:15:00,2152.699951171875,2160.0,2152.699951171875,2160.0,30.0
2020-04-27 13:20:00,2159.0,2164.0,2150.0,2162.75,190.0
2020-04-27 13:25:00,2162.75,2162.75,2154.5,2160.800048828125,52.0
2020-04-27 13:30:00,2159.0,2160.0,2158.0,2159.949951171875,37.0
2020-04-27 13:35:00,2159.949951171875,2160.85009765625,2156.25,2159.949951171875,42.0
2020-04-27 13:40:00,2159.949951171875,2159.949951171875,2156.0,2159.85009765625,53.0
2020-04-27 13:45:00,2159.85009765625,2159.85009765625,2152.10009765625,2157.0,43.0
2020-04-27 13:50:00,2152.199951171875,2157.949951171875,2150.0,2157.949951171875,138.0
2020-04-27 13:55:00,2157.949951171875,2159.800048828125,2150.60009765625,2159.64990234375,83.0
2020-04-27 14:00:00,2159.699951171875,2180.89990234375,2159.300048828125,2177.949951171875,283.0
2020-04-27 14:05:00,2176.949951171875,2178.0,2170.60009765625,2177.89990234375,78.0
2020-04-27 14:10:00,2177.949951171875,2180.949951171875,2170.949951171875,2180.89990234375,103.0
2020-04-27 14:15:00,2180.949951171875,2184.0,2175.050048828125,2183.85009765625,39.0
2020-04-27 14:20:00,2183.89990234375,2183.89990234375,2181.199951171875,2183.0,28.0
2020-04-27 14:25:00,2184.0,2184.0,2177.050048828125,2183.699951171875,35.0
2020-04-27 14:30:00,2184.0,2184.0,2179.050048828125,2179.050048828125,58.0
2020-04-27 14:35:00,2175.050048828125,2179.0,2174.85009765625,2174.85009765625,69.0
2020-04-27 14:40:00,2176.0,2176.0,2170.050048828125,2170.050048828125,28.0
2020-04-27 14:45:00,2170.050048828125,2178.0,2170.050048828125,2173.050048828125,27.0
2020-04-27 14:50:00,2173.89990234375,2174.550048828125,2172.0,2173.5,82.0
2020-04-27 14:55:00,2170.449951171875,2177.800048828125,2170.449951171875,2177.800048828125,19.0
2020-04-27 15:00:00,2175.0,2177.75,2170.050048828125,2177.0,5.0
2020-04-27 15:05:00,2177.89990234375,2178.0,2173.050048828125,2173.5,56.0
2020-04-27 15:10:00,2174.85009765625,2179.0,2174.85009765625,2178.199951171875,1.0
2020-04-27 15:15:00,2177.60009765625,2177.60009765625,2173.0,2175.0,60.0
2020-04-27 15:20:00,2175.0,2176.949951171875,2173.0,2175.0,51.0
2020-04-27 15:25:00,2178.0,2178.0,2172.35009765625,2172.35009765625,99.0
2020-04-28 09:15:00,2175.0,2198.949951171875,2174.64990234375,2198.89990234375,0.0
2020-04-28 09:20:00,2198.0,2199.0,2196.5,2196.5,56.0
2020-04-28 09:25:00,2195.0,2196.0,2195.0,2196.0,0.0
2020-04-28 09:30:00,2185.25,2185.25,2185.25,2185.25,5.0
2020-04-28 09:35:00,2183.0,2183.0,2183.0,2183.0,4.0
2020-04-28 09:40:00,2183.0,2183.0,2182.89990234375,2182.89990234375,7.0
2020-04-28 09:45:00,2186.0,2189.64990234375,2186.0,2189.64990234375,11.0
2020-04-28 09:50:00,2189.64990234375,2190.0,2185.89990234375,2190.0,27.0
2020-04-28 10:00:00,2196.0,2196.0,2194.0,2195.0,43.0
2020-04-28 10:05:00,2196.0,2196.5,2187.050048828125,2187.050048828125,30.0
2020-04-28 10:10:00,2190.0,2196.0,2190.0,2196.0,18.0
2020-04-28 10:15:00,2194.0,2194.0,2190.050048828125,2190.050048828125,5.0
2020-04-28 10:20:00,2190.050048828125,2190.050048828125,2190.050048828125,2190.050048828125,0.0
2020-04-28 10:30:00,2190.0,2190.0,2190.0,2190.0,54.0
2020-04-28 10:35:00,2190.050048828125,2190.050048828125,2190.050048828125,2190.050048828125,1.0
2020-04-28 10:40:00,2190.0,2190.0,2190.0,2190.0,12.0
2020-04-28 10:45:00,2189.75,2191.949951171875,2189.75,2190.0,46.0
2020-04-28 10:50:00,2190.0,2190.0,2182.550048828125,2190.0,54.0
2020-04-28 10:55:00,2190.0,2190.0,2182.949951171875,2190.0,117.0
2020-04-28 11:00:00,2190.0,2192.0,2181.64990234375,2190.0,196.0
2020-04-28 11:05:00,2190.050048828125,2190.050048828125,2190.050048828125,2190.050048828125,4.0
2020-04-28 11:10:00,2190.0,2190.0,2190.0,2190.0,9.0
2020-04-28 11:15:00,2190.0,2210.0,2189.949951171875,2210.0,1736.0
2020-04-28 11:20:00,2216.64990234375,2220.0,2211.14990234375,2220.0,196.0
2020-04-28 11:25:00,2200.60009765625,2202.050048828125,2200.60009765625,2202.050048828125,27.0
2020-04-28 11:30:00,2202.0,2202.0,2201.050048828125,2202.0,29.0
2020-04-28 11:45:00,2211.25,2212.25,2211.25,2212.25,36.0
2020-04-28 11:50:00,2212.0,2212.0,2208.14990234375,2208.14990234375,60.0
2020-04-28 11:55:00,2200.0,2203.85009765625,2200.0,2203.85009765625,37.0
2020-04-28 12:00:00,2200.550048828125,2200.550048828125,2200.550048828125,2200.550048828125,5.0
2020-04-28 12:05:00,2205.800048828125,2205.800048828125,2205.800048828125,2205.800048828125,2.0
2020-04-28 12:15:00,2200.699951171875,2200.699951171875,2194.14990234375,2194.199951171875,196.0
2020-04-28 12:20:00,2194.199951171875,2200.0,2177.949951171875,2200.0,253.0
2020-04-28 12:25:00,2200.0,2200.10009765625,2200.0,2200.10009765625,29.0
2020-04-28 12:35:00,2209.64990234375,2209.89990234375,2209.64990234375,2209.89990234375,5.0
2020-04-28 13:05:00,2209.75,2209.75,2209.75,2209.75,3.0
2020-04-28 13:15:00,2209.89990234375,2209.89990234375,2203.300048828125,2203.300048828125,16.0
2020-04-28 13:20:00,2203.449951171875,2209.89990234375,2203.449951171875,2203.550048828125,5.0
2020-04-28 13:25:00,2203.449951171875,2203.449951171875,2203.449951171875,2203.449951171875,3.0
2020-04-28 13:30:00,2203.5,2209.89990234375,2203.5,2209.89990234375,7.0
2020-04-28 13:35:00,2209.85009765625,2209.85009765625,2209.85009765625,2209.85009765625,0.0
2020-04-28 13:40:00,2203.25,2203.25,2203.25,2203.25,8.0
2020-04-28 13:45:00,2203.5,2209.89990234375,2203.35009765625,2203.39990234375,6.0
2020-04-28 13:55:00,2203.449951171875,2203.449951171875,2203.449951171875,2203.449951171875,4.0
2020-04-28 14:00:00,2205.050048828125,2205.050048828125,2205.050048828125,2205.050048828125,0.0
2020-04-28 14:15:00,2195.14990234375,2195.14990234375,2195.14990234375,2195.14990234375,73.0
2020-04-28 14:40:00,2200.0,2206.949951171875,2200.0,2206.949951171875,18.0
2020-04-28 14:45:00,2200.0,2207.75,2199.949951171875,2207.699951171875,67.0
2020-04-28 15:00:00,2206.89990234375,2206.89990234375,2200.0,2200.0,21.0
2020-04-28 15:05:00,2200.0,2200.0,2200.0,2200.0,51.0
2020-04-28 15:15:00,2206.75,2206.75,2200.0,2200.0,23.0
2020-04-28 15:20:00,2201.5,2206.85009765625,2200.449951171875,2200.449951171875,26.0
2020-04-28 15:25:00,2202.0,2205.550048828125,2200.0,2201.10009765625,102.0
2020-04-29 09:15:00,2200.0,2224.699951171875,2200.0,2214.949951171875,0.0
2020-04-29 09:20:00,2210.050048828125,2210.050048828125,2210.050048828125,2210.050048828125,2.0
2020-04-29 09:25:00,2210.0,2210.0,2210.0,2210.0,36.0
2020-04-29 09:30:00,2200.550048828125,2200.550048828125,2200.550048828125,2200.550048828125,1.0
2020-04-29 09:35:00,2205.85009765625,2205.85009765625,2200.0,2200.0,78.0
2020-04-29 09:40:00,2200.0,2205.0,2200.0,2200.050048828125,41.0
2020-04-29 09:45:00,2201.0,2201.0,2201.0,2201.0,0.0
2020-04-29 09:55:00,2202.0,2216.64990234375,2202.0,2216.64990234375,54.0
2020-04-29 10:00:00,2215.89990234375,2215.89990234375,2215.89990234375,2215.89990234375,3.0
2020-04-29 10:05:00,2215.89990234375,2215.89990234375,2215.0,2215.89990234375,34.0
2020-04-29 10:10:00,2215.0,2215.0,2215.0,2215.0,0.0
2020-04-29 10:15:00,2215.89990234375,2215.89990234375,2205.0,2215.0,52.0
2020-04-29 10:20:00,2215.0,2215.0,2215.0,2215.0,6.0
2020-04-29 10:35:00,2210.050048828125,2215.0,2210.050048828125,2214.949951171875,54.0
2020-04-29 10:40:00,2210.050048828125,2210.050048828125,2210.0,2210.0,0.0
2020-04-29 10:50:00,2210.0,2210.0,2210.0,2210.0,29.0
2020-04-29 10:55:00,2206.60009765625,2206.60009765625,2206.60009765625,2206.60009765625,0.0
2020-04-29 11:00:00,2210.0,2210.0,2203.25,2209.949951171875,48.0
2020-04-29 11:05:00,2208.0,2208.050048828125,2208.0,2208.050048828125,10.0
2020-04-29 11:15:00,2211.0,2211.0,2211.0,2211.0,13.0
2020-04-29 11:20:00,2208.10009765625,2208.10009765625,2208.0,2208.0,1.0
2020-04-29 11:25:00,2208.10009765625,2208.10009765625,2208.050048828125,2208.050048828125,11.0
2020-04-29 11:30:00,2208.0,2208.0,2208.0,2208.0,18.0
2020-04-29 11:35:00,2208.0,2208.0,2200.550048828125,2200.60009765625,27.0
2020-04-29 11:40:00,2207.89990234375,2207.89990234375,2207.89990234375,2207.89990234375,12.0
2020-04-29 11:50:00,2200.85009765625,2201.0,2200.0,2200.0,188.0
2020-04-29 11:55:00,2200.050048828125,2200.050048828125,2200.050048828125,2200.050048828125,0.0
2020-04-29 12:05:00,2207.64990234375,2207.64990234375,2207.64990234375,2207.64990234375,9.0
2020-04-29 12:20:00,2205.0,2205.0,2205.0,2205.0,2.0
2020-04-29 12:25:00,2208.550048828125,2208.550048828125,2201.25,2201.25,13.0
2020-04-29 12:30:00,2208.449951171875,2208.449951171875,2208.449951171875,2208.449951171875,0.0
2020-04-29 12:35:00,2209.89990234375,2209.89990234375,2209.89990234375,2209.89990234375,2.0
2020-04-29 12:45:00,2205.949951171875,2205.949951171875,2205.949951171875,2205.949951171875,0.0
2020-04-29 13:00:00,2205.35009765625,2205.35009765625,2205.35009765625,2205.35009765625,1.0
2020-04-29 13:05:00,2205.35009765625,2205.35009765625,2205.35009765625,2205.35009765625,8.0
2020-04-29 13:10:00,2209.800048828125,2209.800048828125,2209.800048828125,2209.800048828125,22.0
2020-04-29 13:20:00,2205.39990234375,2213.949951171875,2205.39990234375,2213.949951171875,28.0
2020-04-29 13:25:00,2205.39990234375,2214.75,2205.39990234375,2214.75,16.0
2020-04-29 13:35:00,2205.949951171875,2205.949951171875,2205.949951171875,2205.949951171875,0.0
2020-04-29 13:40:00,2205.39990234375,2205.39990234375,2205.39990234375,2205.39990234375,1.0
2020-04-29 14:00:00,2205.5,2205.5,2205.5,2205.5,3.0
2020-04-29 14:10:00,2207.199951171875,2211.199951171875,2205.449951171875,2205.449951171875,12.0
2020-04-29 14:15:00,2206.0,2206.0,2205.35009765625,2205.35009765625,18.0
2020-04-29 14:20:00,2209.800048828125,2209.85009765625,2209.800048828125,2209.85009765625,13.0
2020-04-29 14:25:00,2205.39990234375,2205.39990234375,2205.39990234375,2205.39990234375,2.0
2020-04-29 14:30:00,2209.800048828125,2209.800048828125,2209.800048828125,2209.800048828125,0.0
2020-04-29 14:35:00,2214.75,2214.75,2214.75,2214.75,104.0
2020-04-29 14:40:00,2213.949951171875,2213.949951171875,2213.949951171875,2213.949951171875,4.0
2020-04-29 14:45:00,2213.89990234375,2213.89990234375,2206.0,2206.0,3.0
2020-04-29 14:50:00,2205.550048828125,2205.550048828125,2205.550048828125,2205.550048828125,8.0
2020-04-29 15:00:00,2205.35009765625,2205.35009765625,2204.0,2204.0,23.0
2020-04-29 15:05:00,2210.0,2210.0,2200.050048828125,2200.050048828125,184.0
2020-04-29 15:10:00,2200.0,2208.0,2195.300048828125,2200.0,466.0
2020-04-29 15:15:00,2200.0,2204.449951171875,2195.0,2204.449951171875,341.0
2020-04-29 15:20:00,2204.89990234375,2204.89990234375,2195.050048828125,2200.0,207.0
2020-04-29 15:25:00,2198.85009765625,2202.949951171875,2195.85009765625,2200.35009765625,130.0
2020-04-30 09:15:00,2210.85009765625,2250.0,2202.050048828125,2244.35009765625,0.0
2020-04-30 09:20:00,2247.949951171875,2270.39990234375,2247.949951171875,2264.0,407.0
2020-04-30 09:25:00,2264.0,2280.0,2252.0,2254.64990234375,638.0
2020-04-30 09:30:00,2251.85009765625,2264.699951171875,2250.050048828125,2256.5,125.0
2020-04-30 09:35:00,2256.5,2257.300048828125,2243.75,2245.0,241.0
2020-04-30 09:40:00,2240.0,2240.0,2206.0,2225.0,536.0
2020-04-30 09:45:00,2233.0,2234.0,2225.050048828125,2234.0,15.0
2020-04-30 09:50:00,2225.10009765625,2225.10009765625,2225.10009765625,2225.10009765625,10.0
2020-04-30 09:55:00,2225.10009765625,2230.0,2225.10009765625,2230.0,11.0
2020-04-30 10:00:00,2225.199951171875,2234.0,2225.199951171875,2234.0,33.0
2020-04-30 10:05:00,2220.0,2224.0,2219.949951171875,2224.0,238.0
2020-04-30 10:10:00,2230.14990234375,2232.800048828125,2230.14990234375,2232.800048828125,20.0
2020-04-30 10:15:00,2231.0,2231.0,2224.050048828125,2224.050048828125,0.0
2020-04-30 10:20:00,2224.050048828125,2230.949951171875,2224.0,2230.949951171875,21.0
2020-04-30 10:25:00,2224.0,2230.10009765625,2224.0,2230.10009765625,57.0
2020-04-30 10:30:00,2225.0,2225.050048828125,2225.0,2225.050048828125,20.0
2020-04-30 10:35:00,2224.0,2224.0,2224.0,2224.0,6.0
2020-04-30 10:40:00,2229.89990234375,2229.89990234375,2225.0,2225.0,5.0
2020-04-30 10:45:00,2221.050048828125,2221.050048828125,2221.0,2221.0,0.0
2020-04-30 10:55:00,2221.0,2221.0,2221.0,2221.0,4.0
2020-04-30 11:00:00,2230.0,2234.75,2229.800048828125,2229.800048828125,115.0
2020-04-30 11:05:00,2229.800048828125,2229.800048828125,2221.0,2221.0,18.0
2020-04-30 11:10:00,2220.0,2229.949951171875,2220.0,2220.0,27.0
2020-04-30 11:15:00,2222.39990234375,2227.39990234375,2215.0,2216.050048828125,32.0
2020-04-30 11:20:00,2215.5,2224.75,2215.0,2215.14990234375,15.0
2020-04-30 11:25:00,2215.050048828125,2227.449951171875,2210.0,2210.14990234375,99.0
2020-04-30 11:35:00,2212.14990234375,2217.14990234375,2212.050048828125,2216.0,7.0
2020-04-30 11:45:00,2222.050048828125,2223.85009765625,2222.050048828125,2223.85009765625,11.0
2020-04-30 11:50:00,2223.800048828125,2223.800048828125,2223.800048828125,2223.800048828125,28.0
2020-04-30 11:55:00,2216.85009765625,2230.0,2216.85009765625,2230.0,83.0
2020-04-30 12:00:00,2230.300048828125,2230.300048828125,2230.0,2230.0,0.0
2020-04-30 12:10:00,2228.949951171875,2228.949951171875,2228.949951171875,2228.949951171875,5.0
2020-04-30 12:15:00,2223.0,2225.0,2223.0,2225.0,4.0
2020-04-30 12:20:00,2223.050048828125,2223.050048828125,2223.050048828125,2223.050048828125,4.0
2020-04-30 12:25:00,2223.0,2223.0,2223.0,2223.0,0.0
2020-04-30 12:30:00,2223.0,2223.0,2220.199951171875,2220.199951171875,14.0
2020-04-30 12:35:00,2224.0,2224.0,2224.0,2224.0,10.0
2020-04-30 12:40:00,2220.199951171875,2220.199951171875,2220.199951171875,2220.199951171875,2.0
2020-04-30 12:50:00,2220.199951171875,2220.199951171875,2220.199951171875,2220.199951171875,12.0
2020-04-30 12:55:00,2224.5,2224.5,2224.5,2224.5,5.0
2020-04-30 13:05:00,2223.0,2224.25,2223.0,2224.25,6.0
2020-04-30 13:10:00,2220.25,2224.449951171875,2220.199951171875,2224.449951171875,23.0
2020-04-30 13:15:00,2224.449951171875,2224.449951171875,2220.199951171875,2220.199951171875,28.0
2020-04-30 13:20:00,2220.199951171875,2224.449951171875,2220.199951171875,2224.449951171875,43.0
2020-04-30 13:25:00,2224.39990234375,2224.39990234375,2224.39990234375,2224.39990234375,0.0
2020-04-30 13:40:00,2224.75,2232.75,2222.199951171875,2232.75,128.0
2020-04-30 13:45:00,2222.199951171875,2222.199951171875,2222.199951171875,2222.199951171875,0.0
2020-04-30 13:55:00,2222.199951171875,2222.199951171875,2222.199951171875,2222.199951171875,2.0
2020-04-30 14:00:00,2222.25,2222.25,2222.25,2222.25,8.0
2020-04-30 14:05:00,2221.050048828125,2221.050048828125,2221.050048828125,2221.050048828125,7.0
2020-04-30 14:10:00,2228.5,2228.5,2222.14990234375,2222.14990234375,13.0
2020-04-30 14:15:00,2223.5,2223.5,2220.35009765625,2220.35009765625,30.0
2020-04-30 14:20:00,2216.949951171875,2216.949951171875,2215.0,2215.0,173.0
2020-04-30 14:25:00,2215.0,2215.0,2214.449951171875,2214.449951171875,0.0
2020-04-30 14:30:00,2208.0,2210.0,2208.0,2210.0,4.0
2020-04-30 14:35:00,2199.89990234375,2199.89990234375,2182.35009765625,2189.949951171875,443.0
2020-04-30 14:40:00,2182.5,2190.0,2109.0,2160.0,802.0
2020-04-30 14:45:00,2160.0,2175.199951171875,2160.0,2171.949951171875,119.0
2020-04-30 14:50:00,2170.0,2184.64990234375,2166.050048828125,2177.0,186.0
2020-04-30 14:55:00,2177.0,2179.699951171875,2162.5,2167.300048828125,193.0
2020-04-30 15:00:00,2174.89990234375,2178.0,2170.050048828125,2178.0,80.0
2020-04-30 15:05:00,2179.699951171875,2199.0,2179.699951171875,2198.0,400.0
2020-04-30 15:10:00,2197.949951171875,2198.0,2188.0,2198.0,298.0
2020-04-30 15:15:00,2198.0,2228.0,2198.0,2228.0,504.0
2020-04-30 15:20:00,2228.10009765625,2228.5,2200.0,2213.800048828125,284.0
2020-04-30 15:25:00,2200.39990234375,2217.0,2190.0,2200.75,205.0
2020-05-04 09:15:00,2160.75,2160.75,2123.050048828125,2149.949951171875,0.0
2020-05-04 09:20:00,2157.14990234375,2157.14990234375,2127.699951171875,2135.39990234375,229.0
2020-05-04 09:25:00,2124.949951171875,2149.89990234375,2124.949951171875,2149.89990234375,188.0
2020-05-04 09:30:00,2150.0,2150.0,2135.949951171875,2135.949951171875,33.0
2020-05-04 09:35:00,2136.0,2154.35009765625,2136.0,2154.35009765625,22.0
2020-05-04 09:40:00,2141.14990234375,2144.5,2123.10009765625,2123.10009765625,211.0
2020-05-04 09:45:00,2123.199951171875,2138.35009765625,2123.199951171875,2138.35009765625,0.0
2020-05-04 09:50:00,2124.0,2130.35009765625,2124.0,2125.050048828125,31.0
2020-05-04 09:55:00,2125.0,2125.0,2115.0,2115.0,175.0
2020-05-04 10:00:00,2120.0,2121.75,2110.10009765625,2110.10009765625,24.0
2020-05-04 10:05:00,2102.0,2111.0,2102.0,2111.0,71.0
2020-05-04 10:10:00,2111.0,2117.75,2101.050048828125,2101.050048828125,68.0
2020-05-04 10:15:00,2116.699951171875,2117.800048828125,2105.0,2117.5,54.0
2020-05-04 10:20:00,2117.5,2117.5,2106.050048828125,2107.949951171875,38.0
2020-05-04 10:25:00,2110.050048828125,2117.5,2106.10009765625,2106.10009765625,90.0
2020-05-04 10:30:00,2101.050048828125,2121.949951171875,2101.050048828125,2121.949951171875,129.0
2020-05-04 10:35:00,2119.35009765625,2119.85009765625,2102.0,2102.0,73.0
2020-05-04 10:40:00,2103.60009765625,2120.0,2102.64990234375,2114.14990234375,10.0
2020-05-04 10:45:00,2111.949951171875,2119.449951171875,2111.949951171875,2119.39990234375,20.0
2020-05-04 10:50:00,2119.39990234375,2119.449951171875,2119.39990234375,2119.39990234375,45.0
2020-05-04 10:55:00,2119.39990234375,2119.449951171875,2115.050048828125,2119.39990234375,34.0
2020-05-04 11:00:00,2119.39990234375,2119.39990234375,2119.39990234375,2119.39990234375,3.0
2020-05-04 11:05:00,2119.449951171875,2119.449951171875,2119.449951171875,2119.449951171875,10.0
2020-05-04 11:10:00,2119.449951171875,2119.449951171875,2119.449951171875,2119.449951171875,6.0
2020-05-04 11:15:00,2115.199951171875,2119.449951171875,2115.199951171875,2119.449951171875,23.0
2020-05-04 11:20:00,2115.0,2115.0,2115.0,2115.0,46.0
2020-05-04 11:25:00,2119.449951171875,2122.0,2105.050048828125,2121.949951171875,94.0
2020-05-04 11:30:00,2121.64990234375,2121.64990234375,2121.64990234375,2121.64990234375,0.0
2020-05-04 11:35:00,2122.0,2122.0,2122.0,2122.0,22.0
2020-05-04 11:40:00,2112.050048828125,2112.050048828125,2112.050048828125,2112.050048828125,1.0
2020-05-04 11:45:00,2121.25,2121.25,2121.25,2121.25,3.0
2020-05-04 11:50:00,2120.800048828125,2121.25,2120.800048828125,2121.25,223.0
2020-05-04 11:55:00,2121.25,2125.0,2121.25,2125.0,141.0
2020-05-04 12:00:00,2125.0,2125.0,2125.0,2125.0,0.0
2020-05-04 12:05:00,2125.0,2134.89990234375,2125.0,2134.89990234375,63.0
2020-05-04 12:10:00,2130.0,2130.0,2130.0,2130.0,5.0
2020-05-04 12:15:00,2133.0,2133.0,2117.0,2117.0,167.0
2020-05-04 12:20:00,2132.89990234375,2132.89990234375,2132.89990234375,2132.89990234375,0.0
2020-05-04 12:30:00,2127.0,2127.0,2124.949951171875,2124.949951171875,33.0
2020-05-04 12:35:00,2122.0,2122.0,2116.0,2120.0,96.0
2020-05-04 12:40:00,2120.0,2120.0,2120.0,2120.0,6.0
2020-05-04 12:45:00,2120.0,2130.25,2116.25,2116.25,138.0
2020-05-04 12:50:00,2126.89990234375,2126.89990234375,2126.89990234375,2126.89990234375,0.0
2020-05-04 12:55:00,2116.25,2127.5,2116.25,2124.800048828125,18.0
2020-05-04 13:10:00,2117.0,2124.85009765625,2117.0,2124.800048828125,21.0
2020-05-04 13:15:00,2117.25,2117.25,2117.25,2117.25,1.0
2020-05-04 13:20:00,2124.85009765625,2127.39990234375,2124.85009765625,2127.39990234375,12.0
2020-05-04 13:25:00,2127.550048828125,2127.550048828125,2127.550048828125,2127.550048828125,5.0
2020-05-04 13:30:00,2121.89990234375,2130.0,2117.0,2130.0,19.0
2020-05-04 13:35:00,2130.0,2130.0,2120.10009765625,2120.10009765625,8.0
2020-05-04 13:40:00,2117.0,2117.949951171875,2117.0,2117.0,70.0
2020-05-04 13:50:00,2117.0,2117.0,2117.0,2117.0,0.0
2020-05-04 13:55:00,2117.0,2117.0,2117.0,2117.0,14.0
2020-05-04 14:00:00,2117.050048828125,2125.0,2115.0,2115.0,42.0
2020-05-04 14:05:00,2114.14990234375,2121.550048828125,2107.39990234375,2107.39990234375,50.0
2020-05-04 14:10:00,2116.949951171875,2116.949951171875,2107.050048828125,2107.050048828125,6.0
2020-05-04 14:15:00,2112.550048828125,2112.550048828125,2107.0,2107.0,7.0
2020-05-04 14:25:00,2105.0,2105.0,2105.0,2105.0,74.0
2020-05-04 14:30:00,2106.0,2119.449951171875,2106.0,2115.0,36.0
2020-05-04 14:35:00,2117.949951171875,2117.949951171875,2117.949951171875,2117.949951171875,2.0
2020-05-04 14:40:00,2117.0,2118.0,2117.0,2118.0,6.0
2020-05-04 14:45:00,2115.0,2121.35009765625,2107.0,2109.949951171875,24.0
2020-05-04 14:50:00,2109.949951171875,2109.949951171875,2108.0,2109.949951171875,6.0
2020-05-04 14:55:00,2110.0,2110.0,2105.0,2105.0,129.0
2020-05-04 15:00:00,2109.64990234375,2109.64990234375,2109.550048828125,2109.64990234375,0.0
2020-05-04 15:05:00,2108.949951171875,2109.0,2105.0,2105.0,114.0
2020-05-04 15:10:00,2105.300048828125,2107.64990234375,2105.300048828125,2107.5,0.0
2020-05-04 15:15:00,2107.5,2107.699951171875,2107.5,2107.699951171875,0.0
2020-05-04 15:20:00,2104.0,2106.75,2099.0,2100.0,545.0
2020-05-04 15:25:00,2099.85009765625,2099.949951171875,2092.0,2099.0,205.0
2020-05-05 09:15:00,2102.050048828125,2129.89990234375,2102.050048828125,2109.0,0.0
2020-05-05 09:20:00,2109.10009765625,2121.75,2109.10009765625,2121.75,0.0
2020-05-05 09:25:00,2117.949951171875,2117.949951171875,2117.949951171875,2117.949951171875,7.0
2020-05-05 09:30:00,2119.0,2119.0,2119.0,2119.0,5.0
2020-05-05 09:35:00,2120.75,2121.550048828125,2112.25,2121.550048828125,13.0
2020-05-05 09:40:00,2121.199951171875,2136.0,2121.199951171875,2129.300048828125,31.0
2020-05-05 09:45:00,2133.75,2134.300048828125,2124.300048828125,2125.050048828125,28.0
2020-05-05 10:00:00,2115.050048828125,2118.35009765625,2115.0,2118.35009765625,17.0
2020-05-05 10:05:00,2113.800048828125,2118.0,2112.0,2118.0,31.0
2020-05-05 10:10:00,2115.050048828125,2118.0,2115.0,2118.0,10.0
2020-05-05 10:15:00,2118.0,2123.949951171875,2118.0,2123.0,14.0
2020-05-05 10:25:00,2116.60009765625,2122.0,2116.60009765625,2122.0,9.0
2020-05-05 10:30:00,2122.800048828125,2122.800048828125,2122.0,2122.0,36.0
2020-05-05 10:35:00,2121.89990234375,2121.89990234375,2118.0,2118.0,0.0
2020-05-05 10:40:00,2121.949951171875,2121.949951171875,2121.949951171875,2121.949951171875,13.0
2020-05-05 10:45:00,2116.550048828125,2122.0,2116.550048828125,2122.0,28.0
2020-05-05 10:50:00,2123.0,2123.0,2123.0,2123.0,18.0
2020-05-05 10:55:00,2112.050048828125,2112.050048828125,2112.050048828125,2112.050048828125,5.0
2020-05-05 11:00:00,2122.949951171875,2122.949951171875,2122.949951171875,2122.949951171875,0.0
2020-05-05 11:10:00,2115.0,2125.0,2115.0,2125.0,39.0
2020-05-05 11:15:00,2125.0,2125.0,2124.89990234375,2124.89990234375,9.0
2020-05-05 11:20:00,2112.0,2112.0,2112.0,2112.0,11.0
2020-05-05 11:35:00,2111.550048828125,2111.550048828125,2110.0,2110.0,25.0
2020-05-05 11:40:00,2111.449951171875,2111.449951171875,2111.449951171875,2111.449951171875,1.0
2020-05-05 11:45:00,2111.449951171875,2111.449951171875,2111.449951171875,2111.449951171875,0.0
2020-05-05 11:50:00,2107.5,2107.5,2107.5,2107.5,4.0
2020-05-05 12:00:00,2111.300048828125,2111.300048828125,2111.300048828125,2111.300048828125,0.0
2020-05-05 12:15:00,2111.300048828125,2111.300048828125,2111.300048828125,2111.300048828125,1.0
2020-05-05 12:25:00,2108.0,2108.0,2108.0,2108.0,6.0
2020-05-05 12:30:00,2108.0,2111.0,2108.0,2111.0,6.0
2020-05-05 12:35:00,2111.0,2111.0,2111.0,2111.0,3.0
2020-05-05 12:40:00,2111.0,2111.0,2111.0,2111.0,8.0
2020-05-05 12:50:00,2105.0,2110.949951171875,2105.0,2110.949951171875,81.0
2020-05-05 12:55:00,2111.0,2111.0,2111.0,2111.0,56.0
2020-05-05 13:00:00,2105.0,2105.0,2105.0,2105.0,8.0
2020-05-05 13:05:00,2110.949951171875,2110.949951171875,2105.0,2105.0,30.0
2020-05-05 13:10:00,2105.0,2105.0,2101.550048828125,2102.0,63.0
2020-05-05 13:15:00,2103.800048828125,2111.0,2101.699951171875,2110.949951171875,83.0
2020-05-05 13:20:00,2111.0,2124.85009765625,2111.0,2124.85009765625,142.0
2020-05-05 13:25:00,2125.0,2125.0,2124.85009765625,2125.0,295.0
2020-05-05 13:30:00,2125.0,2125.0,2124.5,2124.699951171875,151.0
2020-05-05 13:35:00,2124.25,2125.0,2124.25,2124.75,93.0
2020-05-05 13:40:00,2124.949951171875,2124.949951171875,2124.25,2124.699951171875,88.0
2020-05-05 13:45:00,2124.85009765625,2135.0,2124.85009765625,2130.300048828125,705.0
2020-05-05 13:50:00,2134.14990234375,2137.85009765625,2133.199951171875,2136.800048828125,30.0
2020-05-05 13:55:00,2133.050048828125,2137.75,2133.050048828125,2134.5,29.0
2020-05-05 14:00:00,2134.0,2134.0,2120.0,2123.85009765625,49.0
2020-05-05 14:05:00,2121.64990234375,2130.0,2121.64990234375,2124.0,262.0
2020-05-05 14:10:00,2125.0,2131.699951171875,2124.300048828125,2124.949951171875,114.0
2020-05-05 14:15:00,2124.949951171875,2125.0,2124.949951171875,2125.0,110.0
2020-05-05 14:20:00,2125.0,2125.0,2123.85009765625,2124.050048828125,108.0
2020-05-05 14:25:00,2124.64990234375,2124.89990234375,2121.0,2121.60009765625,126.0
2020-05-05 14:30:00,2122.050048828125,2124.949951171875,2122.050048828125,2124.699951171875,106.0
2020-05-05 14:35:00,2124.800048828125,2124.89990234375,2120.0,2124.89990234375,145.0
2020-05-05 14:40:00,2124.89990234375,2124.89990234375,2124.85009765625,2124.89990234375,87.0
2020-05-05 14:45:00,2124.89990234375,2124.89990234375,2115.0,2122.300048828125,128.0
2020-05-05 14:50:00,2124.89990234375,2129.14990234375,2124.5,2129.14990234375,37.0
2020-05-05 14:55:00,2118.0,2130.0,2107.0,2125.0,149.0
2020-05-05 15:00:00,2124.75,2125.0,2124.0,2124.0,36.0
2020-05-05 15:05:00,2121.64990234375,2121.64990234375,2121.64990234375,2121.64990234375,12.0
2020-05-05 15:10:00,2124.64990234375,2124.64990234375,2124.64990234375,2124.64990234375,3.0
2020-05-05 15:15:00,2124.64990234375,2128.0,2112.25,2125.0,72.0
2020-05-05 15:20:00,2129.0,2137.949951171875,2129.0,2135.449951171875,60.0
2020-05-05 15:25:00,2125.0,2128.39990234375,2107.300048828125,2128.39990234375,37.0
2020-05-06 09:15:00,2150.0,2153.0,2140.0,2151.0,0.0
2020-05-06 09:20:00,2150.199951171875,2150.199951171875,2150.0,2150.0,107.0
2020-05-06 09:25:00,2150.0,2150.050048828125,2149.949951171875,2150.0,52.0
2020-05-06 09:30:00,2150.050048828125,2156.39990234375,2149.949951171875,2156.39990234375,47.0
2020-05-06 09:35:00,2154.89990234375,2155.050048828125,2154.89990234375,2154.89990234375,73.0
2020-05-06 09:40:00,2155.050048828125,2158.0,2154.89990234375,2158.0,32.0
2020-05-06 09:45:00,2155.050048828125,2155.10009765625,2154.89990234375,2154.949951171875,98.0
2020-05-06 09:50:00,2150.10009765625,2150.10009765625,2150.10009765625,2150.10009765625,4.0
2020-05-06 09:55:00,2150.050048828125,2155.0,2150.050048828125,2155.0,75.0
2020-05-06 10:00:00,2157.800048828125,2159.89990234375,2157.800048828125,2159.89990234375,0.0
2020-05-06 10:05:00,2155.0,2159.85009765625,2150.300048828125,2150.35009765625,41.0
2020-05-06 10:15:00,2150.050048828125,2150.050048828125,2150.050048828125,2150.050048828125,41.0
2020-05-06 10:20:00,2159.89990234375,2159.89990234375,2159.89990234375,2159.89990234375,16.0
2020-05-06 10:30:00,2159.85009765625,2159.85009765625,2151.0,2151.0,0.0
2020-05-06 10:35:00,2151.35009765625,2151.35009765625,2151.35009765625,2151.35009765625,4.0
2020-05-06 10:40:00,2151.300048828125,2158.949951171875,2151.300048828125,2152.89990234375,5.0
2020-05-06 10:45:00,2159.0,2159.0,2152.0,2152.0,93.0
2020-05-06 10:50:00,2142.449951171875,2152.0,2142.449951171875,2152.0,36.0
2020-05-06 10:55:00,2151.0,2157.85009765625,2151.0,2157.85009765625,7.0
2020-05-06 11:00:00,2151.050048828125,2151.050048828125,2151.050048828125,2151.050048828125,1.0
2020-05-06 11:05:00,2151.0,2151.0,2151.0,2151.0,11.0
2020-05-06 11:15:00,2151.0,2151.0,2151.0,2151.0,0.0
2020-05-06 11:20:00,2151.0,2151.0,2151.0,2151.0,2.0
2020-05-06 11:25:00,2151.0,2151.0,2151.0,2151.0,8.0
2020-05-06 11:30:00,2150.949951171875,2151.0,2150.949951171875,2151.0,62.0
2020-05-06 11:35:00,2155.0,2155.0,2155.0,2155.0,11.0
2020-05-06 11:40:00,2159.0,2159.89990234375,2151.10009765625,2151.10009765625,56.0
2020-05-06 11:45:00,2159.699951171875,2159.699951171875,2151.10009765625,2159.0,30.0
2020-05-06 12:00:00,2155.199951171875,2157.949951171875,2155.199951171875,2157.89990234375,8.0
2020-05-06 12:05:00,2158.800048828125,2158.800048828125,2158.800048828125,2158.800048828125,11.0
2020-05-06 12:15:00,2159.699951171875,2159.699951171875,2153.0,2153.0,33.0
2020-05-06 12:25:00,2151.10009765625,2151.10009765625,2151.10009765625,2151.10009765625,35.0
2020-05-06 12:35:00,2155.0,2156.0,2155.0,2155.0,0.0
2020-05-06 12:40:00,2156.949951171875,2156.949951171875,2155.0,2155.0,156.0
2020-05-06 12:45:00,2151.0,2155.0,2151.0,2155.0,87.0
2020-05-06 12:50:00,2160.0,2168.0,2149.050048828125,2155.0,411.0
2020-05-06 12:55:00,2158.0,2158.0,2155.0,2155.0,4.0
2020-05-06 13:05:00,2155.0,2158.949951171875,2155.0,2158.949951171875,10.0
2020-05-06 13:10:00,2158.949951171875,2160.0,2152.0,2152.0,200.0
2020-05-06 13:20:00,2155.300048828125,2159.10009765625,2155.300048828125,2159.10009765625,0.0
2020-05-06 13:25:00,2158.949951171875,2158.949951171875,2158.949951171875,2158.949951171875,1.0
2020-05-06 13:30:00,2152.10009765625,2159.449951171875,2152.10009765625,2159.449951171875,49.0
2020-05-06 13:35:00,2159.0,2159.0,2159.0,2159.0,14.0
2020-05-06 13:40:00,2159.949951171875,2159.949951171875,2155.25,2155.25,6.0
2020-05-06 13:55:00,2155.25,2163.10009765625,2155.25,2163.10009765625,47.0
2020-05-06 14:00:00,2165.699951171875,2170.0,2158.25,2170.0,156.0
2020-05-06 14:05:00,2171.0,2188.0,2160.25,2187.89990234375,228.0
2020-05-06 14:10:00,2185.0,2196.949951171875,2185.0,2193.0,173.0
2020-05-06 14:15:00,2193.0,2197.0,2191.0,2197.0,197.0
2020-05-06 14:20:00,2199.89990234375,2224.0,2199.89990234375,2214.699951171875,326.0
2020-05-06 14:25:00,2210.0,2214.699951171875,2191.0,2198.0,304.0
2020-05-06 14:30:00,2194.800048828125,2220.35009765625,2184.050048828125,2213.050048828125,371.0
2020-05-06 14:35:00,2220.0,2224.949951171875,2210.60009765625,2224.949951171875,176.0
2020-05-06 14:40:00,2225.0,2246.199951171875,2219.0,2226.0,436.0
2020-05-06 14:45:00,2226.10009765625,2234.699951171875,2213.050048828125,2213.050048828125,66.0
2020-05-06 14:50:00,2213.0,2213.0,2206.050048828125,2207.0,96.0
2020-05-06 14:55:00,2207.050048828125,2207.10009765625,2204.0,2204.10009765625,60.0
2020-05-06 15:00:00,2204.10009765625,2207.0,2204.0,2204.050048828125,94.0
2020-05-06 15:05:00,2204.050048828125,2207.0,2204.0,2204.0,277.0
2020-05-06 15:10:00,2204.0,2204.0,2204.0,2204.0,94.0
2020-05-06 15:15:00,2205.0,2207.0,2204.0,2204.10009765625,30.0
2020-05-06 15:20:00,2204.10009765625,2207.0,2204.10009765625,2206.35009765625,84.0
2020-05-06 15:25:00,2206.699951171875,2207.0,2204.0,2205.35009765625,64.0
2020-05-07 09:15:00,2204.0,2204.0,2190.0,2190.0,0.0
2020-05-07 09:20:00,2176.050048828125,2188.949951171875,2176.050048828125,2188.949951171875,31.0
2020-05-07 09:25:00,2188.949951171875,2200.0,2188.949951171875,2200.0,77.0
2020-05-07 09:30:00,2199.449951171875,2199.949951171875,2199.449951171875,2199.449951171875,0.0
2020-05-07 09:35:00,2150.0,2198.85009765625,2150.0,2198.85009765625,215.0
2020-05-07 09:40:00,2160.050048828125,2160.050048828125,2160.050048828125,2160.050048828125,0.0
2020-05-07 09:50:00,2178.85009765625,2178.85009765625,2178.85009765625,2178.85009765625,2.0
2020-05-07 09:55:00,2169.050048828125,2177.39990234375,2169.050048828125,2177.39990234375,24.0
2020-05-07 10:00:00,2170.050048828125,2194.449951171875,2170.050048828125,2194.449951171875,72.0
2020-05-07 10:05:00,2194.449951171875,2194.449951171875,2156.0,2156.0,101.0
2020-05-07 10:10:00,2161.0,2164.14990234375,2151.0,2164.14990234375,213.0
2020-05-07 10:20:00,2153.050048828125,2153.050048828125,2141.300048828125,2150.0,131.0
2020-05-07 10:25:00,2141.5,2151.75,2141.5,2151.75,34.0
2020-05-07 10:45:00,2159.85009765625,2161.0,2159.85009765625,2161.0,41.0
2020-05-07 10:50:00,2152.25,2152.25,2152.25,2152.25,0.0
2020-05-07 11:00:00,2159.64990234375,2159.64990234375,2159.0,2159.0,5.0
2020-05-07 11:05:00,2155.0,2165.0,2154.0,2165.0,72.0
2020-05-07 11:10:00,2165.550048828125,2165.550048828125,2165.550048828125,2165.550048828125,0.0
2020-05-07 11:25:00,2162.050048828125,2162.050048828125,2162.050048828125,2162.050048828125,2.0
2020-05-07 11:35:00,2165.0,2165.0,2165.0,2165.0,4.0
2020-05-07 11:55:00,2165.0,2194.0,2165.0,2178.75,305.0
2020-05-07 12:00:00,2194.0,2194.0,2162.050048828125,2162.050048828125,46.0
2020-05-07 12:10:00,2165.050048828125,2165.050048828125,2165.050048828125,2165.050048828125,4.0
2020-05-07 12:15:00,2168.0,2168.0,2168.0,2168.0,0.0
2020-05-07 12:25:00,2169.75,2169.75,2169.75,2169.75,1.0
2020-05-07 12:35:00,2172.300048828125,2172.300048828125,2172.300048828125,2172.300048828125,4.0
2020-05-07 12:40:00,2172.0,2172.0,2166.050048828125,2166.050048828125,6.0
2020-05-07 12:45:00,2166.050048828125,2166.050048828125,2166.050048828125,2166.050048828125,31.0
2020-05-07 12:50:00,2178.199951171875,2178.199951171875,2178.199951171875,2178.199951171875,2.0
2020-05-07 12:55:00,2175.89990234375,2175.89990234375,2175.89990234375,2175.89990234375,1.0
2020-05-07 13:00:00,2169.949951171875,2169.949951171875,2169.949951171875,2169.949951171875,0.0
2020-05-07 13:10:00,2178.199951171875,2178.199951171875,2178.199951171875,2178.199951171875,0.0
2020-05-07 13:35:00,2177.85009765625,2177.85009765625,2170.0,2170.0,1472.0
2020-05-07 13:40:00,2172.050048828125,2172.050048828125,2172.050048828125,2172.050048828125,0.0
2020-05-07 13:50:00,2171.25,2171.25,2157.800048828125,2157.800048828125,183.0
2020-05-07 13:55:00,2164.050048828125,2167.050048828125,2164.050048828125,2167.050048828125,0.0
2020-05-07 14:10:00,2158.0,2158.0,2158.0,2158.0,9.0
2020-05-07 14:20:00,2164.85009765625,2164.85009765625,2164.85009765625,2164.85009765625,4.0
2020-05-07 14:25:00,2162.449951171875,2162.5,2162.449951171875,2162.5,7.0
2020-05-07 14:35:00,2166.699951171875,2183.550048828125,2166.699951171875,2183.550048828125,103.0
2020-05-07 14:45:00,2177.25,2177.39990234375,2177.25,2177.25,34.0
2020-05-07 14:50:00,2177.25,2182.199951171875,2177.25,2182.199951171875,2.0
2020-05-07 14:55:00,2183.550048828125,2183.550048828125,2183.550048828125,2183.550048828125,5.0
2020-05-07 15:00:00,2182.800048828125,2183.550048828125,2167.75,2167.75,36.0
2020-05-07 15:05:00,2180.85009765625,2180.85009765625,2170.449951171875,2170.449951171875,0.0
2020-05-07 15:10:00,2165.25,2168.949951171875,2165.25,2168.949951171875,11.0
2020-05-07 15:15:00,2158.5,2160.0,2155.10009765625,2155.10009765625,76.0
2020-05-07 15:25:00,2150.10009765625,2151.199951171875,2150.10009765625,2151.199951171875,148.0
2020-05-08 09:15:00,2215.0,2215.0,2163.39990234375,2163.39990234375,0.0
2020-05-08 09:20:00,2159.0,2160.0,2159.0,2160.0,44.0
2020-05-08 09:25:00,2152.85009765625,2152.85009765625,2152.85009765625,2152.85009765625,15.0
2020-05-08 09:30:00,2168.35009765625,2170.0,2168.35009765625,2170.0,12.0
2020-05-08 09:40:00,2169.949951171875,2169.949951171875,2169.949951171875,2169.949951171875,4.0
2020-05-08 09:45:00,2160.64990234375,2168.35009765625,2160.64990234375,2168.35009765625,6.0
2020-05-08 10:00:00,2165.64990234375,2168.0,2160.699951171875,2160.699951171875,23.0
2020-05-08 10:05:00,2160.85009765625,2160.85009765625,2155.5,2155.5,18.0
2020-05-08 10:15:00,2156.89990234375,2156.89990234375,2156.89990234375,2156.89990234375,1.0
2020-05-08 10:25:00,2156.89990234375,2165.75,2156.89990234375,2158.10009765625,9.0
2020-05-08 10:35:00,2167.39990234375,2167.39990234375,2167.39990234375,2167.39990234375,4.0
2020-05-08 10:40:00,2167.39990234375,2167.39990234375,2167.39990234375,2167.39990234375,22.0
2020-05-08 10:45:00,2158.10009765625,2158.10009765625,2158.10009765625,2158.10009765625,0.0
2020-05-08 11:15:00,2162.10009765625,2166.85009765625,2162.10009765625,2166.85009765625,35.0
2020-05-08 12:00:00,2158.25,2158.25,2158.25,2158.25,1.0
2020-05-08 12:10:00,2158.35009765625,2158.35009765625,2158.35009765625,2158.35009765625,4.0
2020-05-08 12:15:00,2160.35009765625,2160.35009765625,2160.35009765625,2160.35009765625,1.0
2020-05-08 12:20:00,2163.10009765625,2163.10009765625,2163.10009765625,2163.10009765625,0.0
2020-05-08 12:35:00,2165.550048828125,2168.300048828125,2165.550048828125,2168.300048828125,6.0
2020-05-08 12:50:00,2161.35009765625,2161.35009765625,2161.35009765625,2161.35009765625,0.0
2020-05-08 13:15:00,2161.199951171875,2161.199951171875,2160.0,2160.0,7.0
2020-05-08 13:25:00,2158.85009765625,2158.85009765625,2158.85009765625,2158.85009765625,2.0
2020-05-08 13:35:00,2158.949951171875,2158.949951171875,2158.25,2158.25,25.0
2020-05-08 13:40:00,2158.25,2158.25,2154.39990234375,2154.449951171875,24.0
2020-05-08 13:45:00,2154.5,2154.5,2154.5,2154.5,5.0
2020-05-08 13:50:00,2154.5,2154.5,2154.5,2154.5,11.0
2020-05-08 14:00:00,2153.0,2153.0,2153.0,2153.0,38.0
2020-05-08 14:15:00,2154.0,2154.0,2154.0,2154.0,10.0
2020-05-08 14:20:00,2154.0,2154.050048828125,2154.0,2154.050048828125,7.0
2020-05-08 14:25:00,2154.0,2154.0,2154.0,2154.0,484.0
2020-05-08 14:40:00,2154.0,2158.949951171875,2154.0,2158.949951171875,55.0
2020-05-08 14:45:00,2158.75,2158.75,2158.75,2158.75,0.0
2020-05-08 14:50:00,2158.89990234375,2158.89990234375,2158.89990234375,2158.89990234375,2.0
2020-05-08 15:00:00,2154.050048828125,2160.550048828125,2154.050048828125,2155.449951171875,10.0
2020-05-08 15:05:00,2154.10009765625,2154.10009765625,2154.0,2154.0,63.0
2020-05-08 15:10:00,2153.0,2153.0,2153.0,2153.0,12.0
2020-05-08 15:15:00,2156.89990234375,2156.89990234375,2156.85009765625,2156.85009765625,13.0
2020-05-08 15:20:00,2156.89990234375,2157.5,2156.85009765625,2157.5,28.0
2020-05-08 15:25:00,2153.050048828125,2155.0,2153.0,2155.0,11.0
2020-05-11 09:15:00,2185.0,2185.0,2123.0,2123.0,0.0
2020-05-11 09:20:00,2184.949951171875,2184.949951171875,2160.0,2160.0,62.0
2020-05-11 09:25:00,2160.050048828125,2160.050048828125,2160.0,2160.050048828125,0.0
2020-05-11 09:30:00,2160.0,2160.0,2144.60009765625,2144.60009765625,53.0
2020-05-11 09:35:00,2149.60009765625,2175.050048828125,2149.60009765625,2175.050048828125,18.0
2020-05-11 09:40:00,2172.0,2175.050048828125,2165.10009765625,2165.10009765625,8.0
2020-05-11 09:50:00,2165.0,2172.550048828125,2165.0,2172.550048828125,37.0
2020-05-11 10:00:00,2156.0,2156.0,2156.0,2156.0,7.0
2020-05-11 10:10:00,2156.050048828125,2172.550048828125,2152.25,2172.550048828125,29.0
2020-05-11 10:15:00,2161.050048828125,2161.050048828125,2161.050048828125,2161.050048828125,4.0
2020-05-11 10:25:00,2161.050048828125,2161.050048828125,2161.0,2161.0,14.0
2020-05-11 10:35:00,2150.35009765625,2164.89990234375,2150.35009765625,2164.89990234375,31.0
2020-05-11 10:40:00,2164.449951171875,2164.449951171875,2161.949951171875,2161.949951171875,4.0
2020-05-11 10:50:00,2161.89990234375,2161.89990234375,2155.64990234375,2155.64990234375,2.0
2020-05-11 10:55:00,2155.199951171875,2155.199951171875,2155.199951171875,2155.199951171875,4.0
2020-05-11 11:00:00,2152.25,2152.25,2152.25,2152.25,0.0
2020-05-11 11:15:00,2150.35009765625,2150.35009765625,2150.35009765625,2150.35009765625,3.0
2020-05-11 11:20:00,2150.0,2150.0,2150.0,2150.0,48.0
2020-05-11 11:25:00,2154.699951171875,2164.449951171875,2150.0,2164.449951171875,76.0
2020-05-11 11:30:00,2164.0,2164.0,2164.0,2164.0,29.0
2020-05-11 11:35:00,2160.0,2160.0,2160.0,2160.0,0.0
2020-05-11 11:45:00,2164.0,2210.800048828125,2164.0,2200.0,382.0
2020-05-11 11:50:00,2177.75,2210.0,2177.75,2209.25,82.0
2020-05-11 11:55:00,2209.300048828125,2215.0,2209.300048828125,2215.0,53.0
2020-05-11 12:00:00,2215.0,2215.0,2205.949951171875,2214.89990234375,71.0
2020-05-11 12:05:00,2215.0,2287.949951171875,2215.0,2268.949951171875,939.0
2020-05-11 12:10:00,2265.35009765625,2270.0,2240.050048828125,2240.449951171875,152.0
2020-05-11 12:15:00,2241.949951171875,2257.949951171875,2240.85009765625,2246.89990234375,79.0
2020-05-11 12:20:00,2246.89990234375,2247.0,2237.800048828125,2238.0,138.0
2020-05-11 12:25:00,2238.0,2245.0,2238.0,2245.0,86.0
2020-05-11 12:30:00,2244.89990234375,2245.0,2239.89990234375,2244.89990234375,104.0
2020-05-11 12:35:00,2244.85009765625,2244.89990234375,2238.89990234375,2244.89990234375,70.0
2020-05-11 12:40:00,2244.89990234375,2244.89990234375,2193.25,2223.949951171875,715.0
2020-05-11 12:45:00,2224.0,2244.39990234375,2224.0,2244.39990234375,54.0
2020-05-11 12:50:00,2244.449951171875,2246.10009765625,2244.449951171875,2246.10009765625,85.0
2020-05-11 12:55:00,2246.949951171875,2247.0,2236.39990234375,2246.85009765625,62.0
2020-05-11 13:00:00,2246.800048828125,2247.0,2241.949951171875,2246.449951171875,172.0
2020-05-11 13:05:00,2206.199951171875,2246.0,2206.199951171875,2244.5,139.0
2020-05-11 13:10:00,2244.5,2245.0,2241.39990234375,2245.0,91.0
2020-05-11 13:15:00,2245.0,2259.0,2245.0,2259.0,532.0
2020-05-11 13:20:00,2259.0,2270.0,2251.699951171875,2264.0,148.0
2020-05-11 13:25:00,2264.0,2264.0,2247.0,2247.0,123.0
2020-05-11 13:30:00,2249.0,2249.0,2240.0,2240.0,3.0
2020-05-11 13:35:00,2231.300048828125,2240.0,2231.300048828125,2240.0,12.0
2020-05-11 13:40:00,2238.0,2238.0,2230.0,2230.0,37.0
2020-05-11 13:45:00,2242.85009765625,2242.85009765625,2239.949951171875,2239.949951171875,11.0
2020-05-11 13:50:00,2211.0,2230.449951171875,2211.0,2230.449951171875,0.0
2020-05-11 13:55:00,2229.0,2231.0,2229.0,2230.0,4903.0
2020-05-11 14:00:00,2234.050048828125,2234.050048828125,2234.050048828125,2234.050048828125,0.0
2020-05-11 14:10:00,2230.0,2230.0,2230.0,2230.0,2.0
2020-05-11 14:15:00,2225.0,2225.0,2214.0,2214.0,48.0
2020-05-11 14:20:00,2211.14990234375,2211.14990234375,2200.0,2210.0,104.0
2020-05-11 14:25:00,2209.800048828125,2209.800048828125,2200.10009765625,2200.10009765625,34.0
2020-05-11 14:30:00,2210.0,2210.0,2201.300048828125,2201.300048828125,1.0
2020-05-11 14:40:00,2204.0,2204.0,2197.0,2197.0,24.0
2020-05-11 14:45:00,2197.0,2197.0,2195.0,2195.0,2.0
2020-05-11 14:50:00,2195.0,2195.0,2195.0,2195.0,2.0
2020-05-11 14:55:00,2197.699951171875,2203.14990234375,2197.699951171875,2203.14990234375,9.0
2020-05-11 15:00:00,2195.050048828125,2205.050048828125,2195.050048828125,2205.0,26.0
2020-05-11 15:05:00,2200.0,2200.0,2200.0,2200.0,14.0
2020-05-11 15:10:00,2185.39990234375,2208.0,2185.39990234375,2208.0,80.0
2020-05-11 15:15:00,2200.050048828125,2204.89990234375,2200.050048828125,2204.89990234375,28.0
2020-05-11 15:20:00,2201.14990234375,2201.14990234375,2174.949951171875,2174.949951171875,81.0
2020-05-11 15:25:00,2172.0,2183.85009765625,2150.0,2175.0,297.0
2020-05-12 09:15:00,2154.0,2154.0,2154.0,2154.0,0.0
2020-05-12 09:20:00,2155.5,2155.5,2155.5,2155.5,4.0
2020-05-12 09:25:00,2155.5,2167.949951171875,2155.5,2155.64990234375,55.0
2020-05-12 09:30:00,2155.64990234375,2165.10009765625,2155.64990234375,2155.64990234375,13.0
2020-05-12 09:35:00,2156.050048828125,2156.050048828125,2156.050048828125,2156.050048828125,2.0
2020-05-12 09:40:00,2156.050048828125,2156.050048828125,2156.050048828125,2156.050048828125,1.0
2020-05-12 09:45:00,2156.050048828125,2156.14990234375,2156.050048828125,2156.050048828125,6.0
2020-05-12 09:50:00,2156.25,2156.25,2140.050048828125,2140.050048828125,54.0
2020-05-12 10:00:00,2140.050048828125,2160.14990234375,2140.050048828125,2158.949951171875,11.0
2020-05-12 10:05:00,2150.0,2150.0,2142.449951171875,2144.699951171875,20.0
2020-05-12 10:10:00,2140.050048828125,2142.449951171875,2130.0,2140.0,47.0
2020-05-12 10:15:00,2144.949951171875,2144.949951171875,2129.949951171875,2144.949951171875,170.0
2020-05-12 10:20:00,2144.949951171875,2150.0,2141.89990234375,2149.64990234375,58.0
2020-05-12 10:25:00,2149.85009765625,2150.0,2145.0,2145.0,11.0
2020-05-12 10:30:00,2145.050048828125,2152.699951171875,2145.050048828125,2152.699951171875,1.0
2020-05-12 10:35:00,2157.89990234375,2157.89990234375,2157.89990234375,2157.89990234375,88.0
2020-05-12 10:40:00,2140.0,2145.199951171875,2140.0,2140.0,30.0
2020-05-12 10:45:00,2140.050048828125,2140.050048828125,2135.10009765625,2135.199951171875,80.0
2020-05-12 10:50:00,2135.199951171875,2135.300048828125,2135.199951171875,2135.300048828125,3.0
2020-05-12 10:55:00,2139.75,2144.949951171875,2139.75,2144.949951171875,45.0
2020-05-12 11:05:00,2147.550048828125,2147.550048828125,2147.550048828125,2147.550048828125,0.0
2020-05-12 11:15:00,2149.14990234375,2149.14990234375,2148.699951171875,2148.699951171875,4.0
2020-05-12 11:20:00,2148.89990234375,2148.89990234375,2148.89990234375,2148.89990234375,4.0
2020-05-12 11:25:00,2147.699951171875,2160.550048828125,2147.699951171875,2160.550048828125,22.0
2020-05-12 11:30:00,2163.14990234375,2179.949951171875,2163.14990234375,2179.949951171875,84.0
2020-05-12 11:35:00,2172.0,2175.0,2159.85009765625,2159.85009765625,0.0
2020-05-12 11:40:00,2158.35009765625,2158.35009765625,2155.35009765625,2155.35009765625,6.0
2020-05-12 11:45:00,2155.35009765625,2170.0,2155.35009765625,2170.0,36.0
2020-05-12 11:50:00,2170.699951171875,2170.89990234375,2170.699951171875,2170.89990234375,17.0
2020-05-12 11:55:00,2170.85009765625,2180.0,2170.85009765625,2171.050048828125,136.0
2020-05-12 12:00:00,2172.14990234375,2172.14990234375,2170.050048828125,2171.60009765625,11.0
2020-05-12 12:05:00,2171.39990234375,2171.39990234375,2160.699951171875,2160.699951171875,2.0
2020-05-12 12:10:00,2172.0,2172.0,2172.0,2172.0,60.0
2020-05-12 12:15:00,2164.949951171875,2164.949951171875,2164.949951171875,2164.949951171875,0.0
2020-05-12 12:20:00,2151.550048828125,2179.0,2151.550048828125,2179.0,80.0
2020-05-12 12:25:00,2180.0,2181.0,2180.0,2181.0,6.0
2020-05-12 12:30:00,2180.0,2182.0,2178.0,2182.0,32.0
2020-05-12 12:35:00,2179.60009765625,2182.0,2179.60009765625,2182.0,12.0
2020-05-12 12:40:00,2191.75,2192.39990234375,2180.0,2180.0,74.0
2020-05-12 12:45:00,2180.0,2180.0,2180.0,2180.0,2.0
2020-05-12 12:50:00,2189.10009765625,2220.0,2189.0,2220.0,312.0
2020-05-12 12:55:00,2222.949951171875,2233.0,2212.699951171875,2212.699951171875,151.0
2020-05-12 13:00:00,2210.0,2210.0,2204.0,2205.0,22.0
2020-05-12 13:05:00,2200.10009765625,2200.10009765625,2200.10009765625,2200.10009765625,14.0
2020-05-12 13:10:00,2200.0,2203.0,2184.300048828125,2203.0,99.0
2020-05-12 13:15:00,2195.25,2202.949951171875,2195.25,2202.949951171875,18.0
2020-05-12 13:20:00,2200.0,2200.0,2199.25,2200.0,8.0
2020-05-12 13:25:00,2202.25,2202.25,2200.25,2200.25,9.0
2020-05-12 13:30:00,2210.5,2210.5,2209.0,2210.0,95.0
2020-05-12 13:35:00,2209.10009765625,2209.10009765625,2209.0,2209.0,18.0
2020-05-12 13:40:00,2209.10009765625,2209.10009765625,2200.0,2204.0,55.0
2020-05-12 13:45:00,2200.199951171875,2201.800048828125,2200.199951171875,2201.800048828125,23.0
2020-05-12 13:55:00,2200.85009765625,2200.85009765625,2200.449951171875,2200.449951171875,7.0
2020-05-12 14:00:00,2201.449951171875,2201.449951171875,2201.0,2201.0,4.0
2020-05-12 14:10:00,2201.050048828125,2201.050048828125,2201.0,2201.0,10.0
2020-05-12 14:15:00,2201.0,2201.199951171875,2201.0,2201.199951171875,9.0
2020-05-12 14:20:00,2201.199951171875,2210.0,2201.199951171875,2210.0,79.0
2020-05-12 14:25:00,2210.0,2217.0,2205.0,2205.0,28.0
2020-05-12 14:30:00,2202.25,2209.949951171875,2202.25,2209.949951171875,7.0
2020-05-12 14:35:00,2201.0,2201.0,2201.0,2201.0,16.0
2020-05-12 14:40:00,2202.60009765625,2202.60009765625,2202.60009765625,2202.60009765625,10.0
2020-05-12 14:45:00,2204.949951171875,2205.64990234375,2200.0,2205.64990234375,80.0
2020-05-12 14:50:00,2207.14990234375,2207.14990234375,2207.14990234375,2207.14990234375,4.0
2020-05-12 14:55:00,2202.0,2202.64990234375,2201.75,2202.64990234375,27.0
2020-05-12 15:00:00,2202.85009765625,2209.10009765625,2201.0,2201.0,12.0
2020-05-12 15:05:00,2202.050048828125,2202.050048828125,2202.050048828125,2202.050048828125,2.0
2020-05-12 15:10:00,2209.0,2209.0,2201.39990234375,2201.39990234375,17.0
2020-05-12 15:15:00,2202.300048828125,2205.10009765625,2197.25,2205.10009765625,256.0
2020-05-12 15:20:00,2205.0,2206.89990234375,2201.699951171875,2202.050048828125,27.0
2020-05-12 15:25:00,2202.14990234375,2210.0,2200.0,2201.949951171875,83.0
2020-05-13 09:15:00,2249.89990234375,2249.89990234375,2156.050048828125,2216.10009765625,0.0
2020-05-13 09:20:00,2186.85009765625,2186.85009765625,2176.0,2180.0,50.0
2020-05-13 09:25:00,2180.0,2183.300048828125,2176.25,2183.300048828125,12.0
2020-05-13 09:30:00,2184.800048828125,2209.699951171875,2184.800048828125,2206.050048828125,338.0
2020-05-13 09:35:00,2199.0,2199.0,2199.0,2199.0,6.0
2020-05-13 09:40:00,2202.14990234375,2202.14990234375,2198.550048828125,2200.0,13.0
2020-05-13 09:50:00,2206.75,2218.699951171875,2205.0,2218.5,146.0
2020-05-13 09:55:00,2218.699951171875,2224.64990234375,2218.64990234375,2224.60009765625,68.0
2020-05-13 10:00:00,2229.0,2231.89990234375,2229.0,2231.89990234375,74.0
2020-05-13 10:05:00,2233.699951171875,2235.14990234375,2210.0,2210.0,43.0
2020-05-13 10:10:00,2239.0,2239.0,2220.0,2220.0,65.0
2020-05-13 10:15:00,2216.449951171875,2216.449951171875,2210.0,2210.0,13.0
2020-05-13 10:20:00,2201.0,2201.0,2201.0,2201.0,41.0
2020-05-13 10:25:00,2211.5,2229.949951171875,2211.5,2212.89990234375,52.0
2020-05-13 10:30:00,2217.10009765625,2217.10009765625,2217.10009765625,2217.10009765625,1.0
2020-05-13 10:35:00,2216.0,2217.050048828125,2216.0,2217.050048828125,6.0
2020-05-13 10:40:00,2217.0,2219.85009765625,2217.0,2219.85009765625,14.0
2020-05-13 10:45:00,2216.050048828125,2216.050048828125,2216.050048828125,2216.050048828125,1.0
2020-05-13 10:50:00,2211.699951171875,2213.050048828125,2210.050048828125,2213.050048828125,84.0
2020-05-13 10:55:00,2212.050048828125,2212.050048828125,2211.050048828125,2211.050048828125,18.0
2020-05-13 11:00:00,2210.300048828125,2210.39990234375,2210.300048828125,2210.39990234375,3.0
2020-05-13 11:05:00,2210.300048828125,2210.300048828125,2210.050048828125,2210.050048828125,1.0
2020-05-13 11:15:00,2204.0,2204.0,2204.0,2204.0,13.0
2020-05-13 11:20:00,2209.0,2209.0,2209.0,2209.0,0.0
2020-05-13 11:25:00,2209.949951171875,2209.949951171875,2209.949951171875,2209.949951171875,4.0
2020-05-13 11:30:00,2205.0,2209.89990234375,2204.0,2209.89990234375,45.0
2020-05-13 11:35:00,2209.0,2209.0,2209.0,2209.0,0.0
2020-05-13 11:40:00,2205.050048828125,2205.050048828125,2201.25,2201.25,15.0
2020-05-13 11:45:00,2201.199951171875,2204.949951171875,2201.199951171875,2204.949951171875,0.0
2020-05-13 11:50:00,2207.85009765625,2207.85009765625,2207.85009765625,2207.85009765625,2.0
2020-05-13 11:55:00,2200.39990234375,2208.0,2200.39990234375,2208.0,24.0
2020-05-13 12:00:00,2207.699951171875,2207.699951171875,2200.0,2200.0,30.0
2020-05-13 12:05:00,2192.050048828125,2194.800048828125,2189.25,2194.800048828125,7.0
2020-05-13 12:10:00,2195.0,2199.949951171875,2195.0,2199.949951171875,5.0
2020-05-13 12:30:00,2199.949951171875,2199.949951171875,2199.949951171875,2199.949951171875,11.0
2020-05-13 12:35:00,2192.5,2192.550048828125,2192.5,2192.550048828125,12.0
2020-05-13 12:40:00,2196.949951171875,2199.10009765625,2194.699951171875,2196.0,7.0
2020-05-13 12:45:00,2196.0,2196.0,2196.0,2196.0,0.0
2020-05-13 13:00:00,2196.0,2199.949951171875,2192.050048828125,2193.0,26.0
2020-05-13 13:10:00,2195.300048828125,2195.300048828125,2193.64990234375,2193.64990234375,3.0
2020-05-13 13:15:00,2194.0,2194.0,2194.0,2194.0,0.0
2020-05-13 13:30:00,2199.0,2199.0,2199.0,2199.0,5.0
2020-05-13 13:40:00,2193.800048828125,2193.800048828125,2193.800048828125,2193.800048828125,2.0
2020-05-13 13:45:00,2197.949951171875,2197.949951171875,2197.949951171875,2197.949951171875,0.0
2020-05-13 13:55:00,2199.89990234375,2199.89990234375,2199.89990234375,2199.89990234375,3.0
2020-05-13 14:05:00,2192.25,2192.25,2192.25,2192.25,3.0
2020-05-13 14:20:00,2193.0,2193.0,2193.0,2193.0,16.0
2020-05-13 14:25:00,2191.0,2191.0,2191.0,2191.0,3.0
2020-05-13 14:30:00,2170.0,2189.89990234375,2170.0,2183.050048828125,258.0
2020-05-13 14:35:00,2179.39990234375,2179.39990234375,2179.39990234375,2179.39990234375,4.0
2020-05-13 14:40:00,2174.0,2178.5,2173.89990234375,2173.89990234375,6.0
2020-05-13 14:45:00,2152.0,2160.0,2152.0,2160.0,152.0
2020-05-13 14:50:00,2162.10009765625,2172.35009765625,2160.050048828125,2172.35009765625,75.0
2020-05-13 14:55:00,2169.10009765625,2169.10009765625,2169.10009765625,2169.10009765625,0.0
2020-05-13 15:00:00,2166.35009765625,2179.949951171875,2166.35009765625,2172.89990234375,28.0
2020-05-13 15:05:00,2173.949951171875,2173.949951171875,2156.0,2156.0,60.0
2020-05-13 15:10:00,2155.0,2157.949951171875,2150.0,2152.0,311.0
2020-05-13 15:15:00,2153.550048828125,2153.85009765625,2145.0,2145.10009765625,119.0
2020-05-13 15:20:00,2150.10009765625,2173.75,2140.0,2141.10009765625,237.0
2020-05-13 15:25:00,2169.75,2199.0,2142.699951171875,2157.25,0.0
2020-05-14 09:15:00,2199.0,2207.0,2186.300048828125,2186.300048828125,327.0
2020-05-14 09:20:00,2174.0,2180.0,2170.10009765625,2180.0,0.0
2020-05-14 09:25:00,2170.050048828125,2190.0,2170.050048828125,2190.0,88.0
2020-05-14 09:30:00,2190.0,2190.39990234375,2190.0,2190.39990234375,11.0
2020-05-14 09:40:00,2190.0,2191.89990234375,2190.0,2190.0,4.0
2020-05-14 09:45:00,2190.60009765625,2190.60009765625,2190.60009765625,2190.60009765625,19.0
2020-05-14 09:50:00,2189.699951171875,2190.39990234375,2180.449951171875,2180.449951171875,10.0
2020-05-14 09:55:00,2189.85009765625,2190.14990234375,2180.5,2189.699951171875,23.0
2020-05-14 10:00:00,2189.699951171875,2190.10009765625,2189.60009765625,2190.10009765625,8.0
2020-05-14 10:05:00,2189.64990234375,2190.10009765625,2180.0,2189.60009765625,38.0
2020-05-14 10:10:00,2190.10009765625,2190.10009765625,2190.10009765625,2190.10009765625,8.0
2020-05-14 10:15:00,2190.10009765625,2190.10009765625,2189.699951171875,2189.699951171875,12.0
2020-05-14 10:20:00,2189.699951171875,2190.14990234375,2189.699951171875,2189.699951171875,9.0
2020-05-14 10:25:00,2190.0,2190.14990234375,2189.699951171875,2189.699951171875,15.0
2020-05-14 10:30:00,2190.199951171875,2192.89990234375,2190.199951171875,2192.89990234375,7.0
2020-05-14 10:35:00,2190.0,2190.25,2187.949951171875,2190.0,19.0
2020-05-14 10:40:00,2191.0,2191.39990234375,2191.0,2191.39990234375,11.0
2020-05-14 10:45:00,2192.75,2200.0,2191.35009765625,2194.0,91.0
2020-05-14 10:50:00,2200.0,2200.050048828125,2193.199951171875,2195.5,8.0
2020-05-14 10:55:00,2193.25,2193.25,2193.25,2193.25,0.0
2020-05-14 11:00:00,2199.949951171875,2200.0,2194.050048828125,2200.0,39.0
2020-05-14 11:05:00,2200.0,2200.0,2199.949951171875,2200.0,44.0
2020-05-14 11:10:00,2194.35009765625,2200.550048828125,2194.35009765625,2200.449951171875,32.0
2020-05-14 11:15:00,2199.60009765625,2199.60009765625,2199.60009765625,2199.60009765625,5.0
2020-05-14 11:20:00,2200.0,2200.050048828125,2199.60009765625,2200.050048828125,16.0
2020-05-14 11:25:00,2199.60009765625,2200.0,2199.60009765625,2199.60009765625,13.0
2020-05-14 11:30:00,2199.60009765625,2200.0,2199.449951171875,2199.60009765625,29.0
2020-05-14 11:35:00,2200.0,2200.5,2193.64990234375,2193.64990234375,109.0
2020-05-14 11:40:00,2199.949951171875,2200.0,2193.25,2200.0,0.0
2020-05-14 11:45:00,2199.89990234375,2199.89990234375,2199.89990234375,2199.89990234375,7.0
2020-05-14 11:50:00,2194.64990234375,2194.64990234375,2194.25,2194.25,22.0
2020-05-14 11:55:00,2193.10009765625,2200.5,2193.10009765625,2195.14990234375,138.0
2020-05-14 12:00:00,2196.0,2200.0,2196.0,2200.0,147.0
2020-05-14 12:05:00,2195.64990234375,2195.64990234375,2195.64990234375,2195.64990234375,3.0
2020-05-14 12:10:00,2201.449951171875,2201.449951171875,2201.449951171875,2201.449951171875,2.0
2020-05-14 12:15:00,2200.699951171875,2218.449951171875,2200.699951171875,2218.449951171875,109.0
2020-05-14 12:20:00,2215.0,2222.0,2200.699951171875,2201.35009765625,139.0
2020-05-14 12:25:00,2208.800048828125,2208.800048828125,2208.800048828125,2208.800048828125,9.0
2020-05-14 12:30:00,2203.300048828125,2207.949951171875,2201.10009765625,2201.800048828125,12.0
2020-05-14 12:35:00,2201.050048828125,2202.0,2201.050048828125,2202.0,34.0
2020-05-14 12:40:00,2210.800048828125,2210.800048828125,2210.0,2210.0,36.0
2020-05-14 12:45:00,2210.050048828125,2210.050048828125,2210.050048828125,2210.050048828125,0.0
2020-05-14 12:50:00,2210.0,2210.0,2210.0,2210.0,24.0
2020-05-14 12:55:00,2210.0,2210.0,2210.0,2210.0,3.0
2020-05-14 13:00:00,2210.0,2210.0,2205.85009765625,2205.85009765625,17.0
2020-05-14 13:05:00,2201.5,2210.0,2201.5,2209.949951171875,24.0
2020-05-14 13:10:00,2206.800048828125,2206.800048828125,2201.699951171875,2201.699951171875,0.0
2020-05-14 13:15:00,2200.14990234375,2200.25,2196.14990234375,2199.85009765625,37.0
2020-05-14 13:20:00,2194.14990234375,2200.0,2194.14990234375,2200.0,21.0
2020-05-14 13:25:00,2195.14990234375,2199.800048828125,2195.14990234375,2199.800048828125,11.0
2020-05-14 13:30:00,2199.800048828125,2199.800048828125,2199.800048828125,2199.800048828125,8.0
2020-05-14 13:35:00,2200.300048828125,2200.300048828125,2197.5,2197.5,5.0
2020-05-14 13:40:00,2199.85009765625,2200.300048828125,2197.5,2199.85009765625,17.0
2020-05-14 13:45:00,2199.949951171875,2200.0,2190.5,2196.0,103.0
2020-05-14 13:50:00,2201.800048828125,2201.800048828125,2200.0,2200.0,5.0
2020-05-14 13:55:00,2200.199951171875,2200.199951171875,2199.75,2200.0,63.0
2020-05-14 14:00:00,2200.0,2200.0,2195.699951171875,2200.0,33.0
2020-05-14 14:05:00,2199.64990234375,2208.89990234375,2199.64990234375,2208.89990234375,111.0
2020-05-14 14:15:00,2205.10009765625,2210.0,2190.5,2208.0,79.0
2020-05-14 14:20:00,2200.699951171875,2207.949951171875,2200.699951171875,2207.949951171875,9.0
2020-05-14 14:25:00,2200.050048828125,2200.050048828125,2195.699951171875,2195.699951171875,36.0
2020-05-14 14:30:00,2199.85009765625,2199.89990234375,2196.050048828125,2196.050048828125,10.0
2020-05-14 14:35:00,2199.85009765625,2207.949951171875,2196.35009765625,2196.35009765625,18.0
2020-05-14 14:40:00,2203.449951171875,2203.449951171875,2202.10009765625,2202.10009765625,16.0
2020-05-14 14:45:00,2198.14990234375,2200.0,2198.14990234375,2200.0,21.0
2020-05-14 14:50:00,2200.449951171875,2200.5,2200.449951171875,2200.5,5.0
2020-05-14 14:55:00,2202.0,2214.0,2202.0,2203.35009765625,48.0
2020-05-14 15:00:00,2209.89990234375,2211.85009765625,2203.300048828125,2203.300048828125,37.0
2020-05-14 15:05:00,2213.949951171875,2213.949951171875,2209.0,2209.0,6.0
2020-05-14 15:10:00,2209.0,2212.89990234375,2205.800048828125,2212.25,16.0
2020-05-14 15:15:00,2212.0,2212.0,2205.85009765625,2211.85009765625,12.0
2020-05-14 15:20:00,2205.949951171875,2211.64990234375,2205.89990234375,2205.89990234375,39.0
2020-05-14 15:25:00,2211.300048828125,2220.0,2200.550048828125,2211.050048828125,45.0
2020-05-15 09:15:00,2199.949951171875,2200.0,2189.60009765625,2189.60009765625,0.0
2020-05-15 09:20:00,2199.949951171875,2200.0,2190.0,2194.699951171875,28.0
2020-05-15 09:25:00,2190.64990234375,2191.14990234375,2190.64990234375,2191.14990234375,9.0
2020-05-15 09:30:00,2192.050048828125,2200.0,2192.0,2200.0,6.0
2020-05-15 09:35:00,2199.449951171875,2201.0,2199.449951171875,2201.0,8.0
2020-05-15 09:40:00,2201.949951171875,2201.949951171875,2201.949951171875,2201.949951171875,2.0
2020-05-15 09:55:00,2200.0,2200.0,2200.0,2200.0,77.0
2020-05-15 10:00:00,2200.0,2200.0,2199.949951171875,2200.0,242.0
2020-05-15 10:05:00,2200.0,2207.39990234375,2199.89990234375,2207.39990234375,29.0
2020-05-15 10:15:00,2210.050048828125,2210.050048828125,2207.25,2207.39990234375,23.0
2020-05-15 10:35:00,2208.0,2208.0,2202.10009765625,2204.0,28.0
2020-05-15 10:40:00,2199.550048828125,2199.550048828125,2199.550048828125,2199.550048828125,19.0
2020-05-15 10:45:00,2207.39990234375,2207.39990234375,2206.5,2206.5,7.0
2020-05-15 11:10:00,2192.199951171875,2192.199951171875,2192.199951171875,2192.199951171875,62.0
2020-05-15 11:15:00,2203.85009765625,2203.85009765625,2203.85009765625,2203.85009765625,0.0
2020-05-15 11:30:00,2202.0,2202.0,2199.949951171875,2199.949951171875,23.0
2020-05-15 11:40:00,2200.0,2201.89990234375,2199.949951171875,2201.89990234375,22.0
2020-05-15 11:50:00,2201.85009765625,2201.85009765625,2201.85009765625,2201.85009765625,4.0
2020-05-15 11:55:00,2201.89990234375,2208.0,2201.89990234375,2208.0,132.0
2020-05-15 12:15:00,2207.949951171875,2207.949951171875,2203.949951171875,2203.949951171875,50014.0
2020-05-15 12:20:00,2200.0,2200.0,2200.0,2200.0,175.0
2020-05-15 12:25:00,2199.949951171875,2200.0,2194.39990234375,2194.39990234375,249.0
2020-05-15 12:30:00,2200.0,2200.0,2200.0,2200.0,0.0
2020-05-15 12:35:00,2196.050048828125,2200.0,2194.0,2194.0,19.0
2020-05-15 13:00:00,2199.949951171875,2200.0,2199.89990234375,2200.0,10.0
2020-05-15 13:10:00,2200.0,2200.0,2199.949951171875,2199.949951171875,6.0
2020-05-15 13:15:00,2200.0,2202.050048828125,2200.0,2202.050048828125,17.0
2020-05-15 13:25:00,2202.050048828125,2202.050048828125,2202.050048828125,2202.050048828125,4.0
2020-05-15 13:30:00,2202.10009765625,2202.10009765625,2196.949951171875,2202.050048828125,5.0
2020-05-15 13:35:00,2196.949951171875,2196.949951171875,2196.949951171875,2196.949951171875,4.0
2020-05-15 13:50:00,2201.75,2201.75,2201.75,2201.75,0.0
2020-05-15 14:10:00,2203.75,2203.75,2201.449951171875,2201.449951171875,7.0
2020-05-15 14:20:00,2195.85009765625,2195.85009765625,2195.10009765625,2195.10009765625,10.0
2020-05-15 14:25:00,2199.949951171875,2199.949951171875,2199.949951171875,2199.949951171875,2.0
2020-05-15 14:30:00,2199.85009765625,2200.0,2199.85009765625,2200.0,5.0
2020-05-15 14:35:00,2200.0,2200.0,2200.0,2200.0,70.0
2020-05-15 14:40:00,2200.0,2200.0,2200.0,2200.0,0.0
2020-05-15 14:45:00,2200.0,2200.0,2195.0,2195.0,17.0
2020-05-15 14:50:00,2194.949951171875,2194.949951171875,2194.949951171875,2194.949951171875,0.0
2020-05-15 14:55:00,2194.10009765625,2194.10009765625,2193.050048828125,2193.050048828125,9.0
2020-05-15 15:00:00,2196.75,2196.75,2196.75,2196.75,5.0
2020-05-15 15:05:00,2186.300048828125,2196.0,2186.300048828125,2196.0,29.0
2020-05-15 15:10:00,2196.050048828125,2196.050048828125,2196.0,2196.0,55.0
2020-05-15 15:15:00,2173.050048828125,2194.10009765625,2170.39990234375,2170.39990234375,122.0
2020-05-15 15:20:00,2186.85009765625,2189.699951171875,2186.85009765625,2189.699951171875,13.0
2020-05-15 15:25:00,2184.10009765625,2184.14990234375,2170.300048828125,2183.14990234375,67.0
2020-05-18 09:15:00,2240.0,2240.0,2183.85009765625,2185.699951171875,0.0
2020-05-18 09:20:00,2200.0,2200.0,2195.050048828125,2195.050048828125,0.0
2020-05-18 09:25:00,2164.0,2196.35009765625,2164.0,2196.35009765625,32.0
2020-05-18 09:30:00,2170.0,2170.0,2167.0,2167.0,9.0
2020-05-18 09:35:00,2167.0,2169.800048828125,2164.0,2164.0,31.0
2020-05-18 09:40:00,2165.0,2181.300048828125,2165.0,2181.300048828125,41.0
2020-05-18 09:45:00,2183.89990234375,2196.949951171875,2170.050048828125,2170.050048828125,40.0
2020-05-18 09:50:00,2198.0,2201.0,2191.050048828125,2200.0,87.0
2020-05-18 09:55:00,2192.050048828125,2200.0,2192.050048828125,2192.449951171875,55.0
2020-05-18 10:00:00,2201.0,2201.0,2192.10009765625,2200.0,82.0
2020-05-18 10:05:00,2200.0,2222.0,2200.0,2200.0,53.0
2020-05-18 10:10:00,2195.0,2200.0,2195.0,2200.0,68.0
2020-05-18 10:15:00,2200.0,2200.0,2200.0,2200.0,4.0
2020-05-18 10:20:00,2200.0,2200.0,2192.25,2200.0,63.0
2020-05-18 10:25:00,2200.89990234375,2200.89990234375,2200.89990234375,2200.89990234375,0.0
2020-05-18 10:30:00,2200.449951171875,2200.449951171875,2200.050048828125,2200.050048828125,10.0
2020-05-18 10:35:00,2200.10009765625,2200.10009765625,2200.10009765625,2200.10009765625,3.0
2020-05-18 10:40:00,2200.10009765625,2200.10009765625,2200.10009765625,2200.10009765625,1.0
2020-05-18 10:45:00,2200.0,2200.0,2193.0,2200.0,74.0
2020-05-18 10:50:00,2200.0,2200.0,2193.300048828125,2198.050048828125,61.0
2020-05-18 10:55:00,2200.0,2209.949951171875,2198.300048828125,2209.949951171875,123.0
2020-05-18 11:00:00,2200.0,2207.64990234375,2200.0,2207.64990234375,7.0
2020-05-18 11:05:00,2209.949951171875,2209.949951171875,2209.949951171875,2209.949951171875,4.0
2020-05-18 11:10:00,2197.949951171875,2200.0,2192.0,2192.0,110.0
2020-05-18 11:15:00,2199.949951171875,2204.949951171875,2180.10009765625,2180.10009765625,159.0
2020-05-18 11:20:00,2175.0,2175.0,2165.85009765625,2165.85009765625,12.0
2020-05-18 11:25:00,2179.949951171875,2204.85009765625,2179.949951171875,2198.39990234375,261.0
2020-05-18 11:30:00,2198.39990234375,2198.39990234375,2185.0,2190.0,230.0
2020-05-18 11:35:00,2190.0,2190.0,2186.64990234375,2186.64990234375,51.0
2020-05-18 11:40:00,2188.699951171875,2198.949951171875,2188.699951171875,2198.949951171875,12.0
2020-05-18 11:45:00,2198.949951171875,2208.0,2198.949951171875,2207.949951171875,42.0
2020-05-18 12:05:00,2206.0,2206.0,2206.0,2206.0,5.0
2020-05-18 12:10:00,2197.050048828125,2197.050048828125,2197.050048828125,2197.050048828125,9.0
2020-05-18 12:15:00,2195.0,2195.0,2195.0,2195.0,0.0
2020-05-18 12:20:00,2192.64990234375,2192.64990234375,2192.64990234375,2192.64990234375,12.0
2020-05-18 12:25:00,2192.0,2200.0,2181.449951171875,2200.0,220.0
2020-05-18 12:30:00,2200.0,2200.0,2200.0,2200.0,1.0
2020-05-18 12:35:00,2204.85009765625,2204.85009765625,2204.85009765625,2204.85009765625,4.0
2020-05-18 12:40:00,2200.0,2200.0,2200.0,2200.0,2.0
2020-05-18 12:45:00,2200.0,2200.0,2200.0,2200.0,10.0
2020-05-18 12:50:00,2200.0,2200.0,2192.0,2192.0,19.0
2020-05-18 13:05:00,2199.949951171875,2205.0,2199.949951171875,2205.0,3636.0
2020-05-18 13:10:00,2192.60009765625,2200.0,2192.199951171875,2194.0,161.0
2020-05-18 13:15:00,2200.0,2204.0,2197.14990234375,2197.14990234375,13.0
2020-05-18 13:20:00,2200.0,2202.0,2200.0,2202.0,564.0
2020-05-18 13:25:00,2200.300048828125,2206.0,2200.0,2205.0,578.0
2020-05-18 13:30:00,2200.0,2200.0,2192.800048828125,2200.0,460.0
2020-05-18 13:35:00,2200.0,2200.949951171875,2193.949951171875,2200.949951171875,16.0
2020-05-18 13:40:00,2200.0,2204.89990234375,2200.0,2204.89990234375,445.0
2020-05-18 13:45:00,2202.0,2202.0,2202.0,2202.0,5.0
2020-05-18 13:55:00,2200.60009765625,2200.60009765625,2200.60009765625,2200.60009765625,8.0
2020-05-18 14:00:00,2200.0,2201.39990234375,2199.949951171875,2201.39990234375,3.0
2020-05-18 14:15:00,2201.0,2201.0,2197.800048828125,2197.800048828125,47.0
2020-05-18 14:20:00,2200.949951171875,2200.949951171875,2200.949951171875,2200.949951171875,1.0
2020-05-18 14:25:00,2201.0,2201.0,2201.0,2201.0,7.0
2020-05-18 14:30:00,2201.0,2201.949951171875,2201.0,2201.949951171875,10.0
2020-05-18 14:35:00,2200.0,2203.0,2200.0,2203.0,72.0
2020-05-18 14:40:00,2205.0,2205.0,2198.0,2199.35009765625,40509.0
2020-05-18 14:45:00,2199.39990234375,2199.449951171875,2161.550048828125,2162.300048828125,190.0
2020-05-18 14:50:00,2162.0,2162.050048828125,2160.0,2161.85009765625,444.0
2020-05-18 14:55:00,2160.699951171875,2190.0,2160.699951171875,2189.0,701.0
2020-05-18 15:00:00,2190.050048828125,2194.5,2190.050048828125,2194.0,712.0
2020-05-18 15:05:00,2195.0,2195.0,2190.0,2190.0,52.0
2020-05-18 15:10:00,2189.0,2198.0,2189.0,2190.0,15.0
2020-05-18 15:15:00,2185.0,2190.050048828125,2175.0,2190.050048828125,50.0
2020-05-18 15:20:00,2170.0,2187.0,2151.10009765625,2183.0,183.0
2020-05-18 15:25:00,2175.0,2182.800048828125,2147.800048828125,2182.800048828125,170.0
2020-05-19 09:15:00,2190.0,2190.0,2147.050048828125,2178.75,0.0
2020-05-19 09:20:00,2178.949951171875,2178.949951171875,2178.949951171875,2178.949951171875,0.0
2020-05-19 09:25:00,2177.5,2177.5,2177.5,2177.5,3.0
2020-05-19 09:30:00,2177.5,2177.550048828125,2177.5,2177.550048828125,2.0
2020-05-19 09:35:00,2177.5,2177.5,2177.5,2177.5,2.0
2020-05-19 09:40:00,2170.64990234375,2185.0,2170.64990234375,2185.0,209.0
2020-05-19 09:55:00,2186.550048828125,2186.550048828125,2186.550048828125,2186.550048828125,4.0
2020-05-19 10:00:00,2191.199951171875,2191.199951171875,2191.199951171875,2191.199951171875,2.0
2020-05-19 10:05:00,2193.0,2199.0,2193.0,2199.0,34.0
2020-05-19 10:10:00,2188.0,2188.0,2188.0,2188.0,15.0
2020-05-19 10:45:00,2189.0,2189.0,2189.0,2189.0,11.0
2020-05-19 10:50:00,2186.35009765625,2186.35009765625,2186.35009765625,2186.35009765625,7.0
2020-05-19 11:00:00,2186.300048828125,2186.300048828125,2186.300048828125,2186.300048828125,4.0
2020-05-19 11:05:00,2186.300048828125,2186.300048828125,2186.300048828125,2186.300048828125,60.0
2020-05-19 11:15:00,2182.0,2182.0,2171.0,2171.0,35.0
2020-05-19 11:20:00,2171.0,2171.0,2171.0,2171.0,25.0
2020-05-19 11:25:00,2172.0,2173.35009765625,2172.0,2173.35009765625,29.0
2020-05-19 11:30:00,2170.0,2170.0,2170.0,2170.0,35.0
2020-05-19 11:35:00,2167.550048828125,2167.550048828125,2163.35009765625,2163.35009765625,254.0
2020-05-19 11:40:00,2160.0,2160.0,2160.0,2160.0,20.0
2020-05-19 11:45:00,2180.199951171875,2180.199951171875,2175.050048828125,2175.050048828125,20.0
2020-05-19 12:00:00,2180.0,2180.199951171875,2180.0,2180.199951171875,2.0
2020-05-19 12:05:00,2185.10009765625,2185.10009765625,2185.10009765625,2185.10009765625,1.0
2020-05-19 12:25:00,2181.85009765625,2181.85009765625,2181.85009765625,2181.85009765625,2.0
2020-05-19 12:35:00,2177.75,2177.75,2177.75,2177.75,0.0
2020-05-19 12:40:00,2183.800048828125,2184.0,2183.800048828125,2184.0,29.0
2020-05-19 12:50:00,2177.75,2177.75,2177.75,2177.75,5.0
2020-05-19 12:55:00,2180.0,2182.0,2180.0,2182.0,1.0
2020-05-19 13:00:00,2183.85009765625,2183.85009765625,2183.85009765625,2183.85009765625,1.0
2020-05-19 13:10:00,2183.949951171875,2183.949951171875,2179.050048828125,2179.050048828125,4.0
2020-05-19 13:15:00,2184.0,2184.0,2180.300048828125,2180.300048828125,0.0
2020-05-19 13:20:00,2184.0,2184.0,2184.0,2184.0,2.0
2020-05-19 13:30:00,2190.0,2190.0,2190.0,2190.0,0.0
2020-05-19 13:35:00,2179.0,2179.699951171875,2179.0,2179.699951171875,883.0
2020-05-19 13:40:00,2179.0,2185.25,2177.699951171875,2185.25,41.0
2020-05-19 13:45:00,2187.699951171875,2187.699951171875,2187.699951171875,2187.699951171875,0.0
2020-05-19 13:50:00,2189.85009765625,2189.89990234375,2182.050048828125,2189.89990234375,6.0
2020-05-19 14:00:00,2180.0,2180.0,2180.0,2180.0,20.0
2020-05-19 14:05:00,2177.75,2177.75,2177.699951171875,2177.699951171875,50.0
2020-05-19 14:25:00,2180.0,2180.0,2180.0,2180.0,2.0
2020-05-19 14:35:00,2177.699951171875,2177.699951171875,2177.699951171875,2177.699951171875,29.0
2020-05-19 14:40:00,2177.699951171875,2177.699951171875,2177.699951171875,2177.699951171875,0.0
2020-05-19 14:45:00,2177.699951171875,2177.75,2170.14990234375,2170.14990234375,36.0
2020-05-19 14:50:00,2170.14990234375,2170.14990234375,2161.10009765625,2161.14990234375,24.0
2020-05-19 14:55:00,2161.0,2161.0,2161.0,2161.0,23.0
2020-05-19 15:00:00,2166.89990234375,2166.89990234375,2165.5,2165.699951171875,14.0
2020-05-19 15:05:00,2165.800048828125,2165.800048828125,2165.800048828125,2165.800048828125,1.0
2020-05-19 15:10:00,2167.949951171875,2167.949951171875,2166.0,2166.25,5.0
2020-05-19 15:15:00,2166.0,2166.14990234375,2166.0,2166.14990234375,12.0
2020-05-19 15:20:00,2169.89990234375,2172.949951171875,2169.89990234375,2172.0,17.0
2020-05-19 15:25:00,2172.0,2173.0,2166.0,2167.75,38.0
2020-05-20 09:15:00,2178.449951171875,2178.449951171875,2178.199951171875,2178.199951171875,0.0
2020-05-20 09:20:00,2178.60009765625,2190.0,2178.60009765625,2190.0,6.0
2020-05-20 09:25:00,2177.0,2177.0,2167.550048828125,2167.550048828125,17.0
2020-05-20 09:30:00,2170.0,2170.0,2162.449951171875,2162.5,15.0
2020-05-20 09:35:00,2169.949951171875,2169.949951171875,2154.89990234375,2154.89990234375,4.0
2020-05-20 09:40:00,2169.949951171875,2169.949951171875,2169.949951171875,2169.949951171875,5.0
2020-05-20 09:50:00,2157.35009765625,2169.949951171875,2157.35009765625,2169.949951171875,11.0
2020-05-20 09:55:00,2170.0,2170.0,2162.550048828125,2162.550048828125,8.0
2020-05-20 10:00:00,2172.550048828125,2175.10009765625,2172.550048828125,2175.10009765625,4.0
2020-05-20 10:10:00,2165.050048828125,2165.050048828125,2165.050048828125,2165.050048828125,2.0
2020-05-20 10:20:00,2165.199951171875,2180.199951171875,2165.199951171875,2180.14990234375,33.0
2020-05-20 10:45:00,2165.14990234375,2165.14990234375,2165.14990234375,2165.14990234375,13.0
2020-05-20 10:50:00,2179.85009765625,2182.75,2171.39990234375,2171.39990234375,14.0
2020-05-20 11:05:00,2171.300048828125,2171.300048828125,2171.300048828125,2171.300048828125,6.0
2020-05-20 11:35:00,2180.199951171875,2180.199951171875,2180.199951171875,2180.199951171875,15.0
2020-05-20 12:15:00,2179.85009765625,2179.85009765625,2179.85009765625,2179.85009765625,5.0
2020-05-20 12:45:00,2185.300048828125,2185.300048828125,2185.300048828125,2185.300048828125,2.0
2020-05-20 12:50:00,2188.949951171875,2188.949951171875,2188.949951171875,2188.949951171875,24.0
2020-05-20 12:55:00,2190.0,2190.0,2190.0,2190.0,21.0
2020-05-20 13:15:00,2195.0,2195.0,2190.0,2190.0,38.0
2020-05-20 13:30:00,2195.0,2197.0,2195.0,2197.0,16.0
2020-05-20 13:35:00,2190.0,2190.0,2190.0,2190.0,0.0
2020-05-20 13:40:00,2190.050048828125,2190.050048828125,2190.0,2190.0,11.0
2020-05-20 13:50:00,2190.0,2190.0,2190.0,2190.0,45.0
2020-05-20 14:00:00,2190.0,2190.0,2190.0,2190.0,4.0
2020-05-20 14:25:00,2182.85009765625,2182.85009765625,2180.0,2180.0,109.0
2020-05-20 14:30:00,2171.300048828125,2189.949951171875,2171.300048828125,2189.949951171875,40.0
2020-05-20 14:35:00,2180.300048828125,2180.300048828125,2180.300048828125,2180.300048828125,12.0
2020-05-20 14:45:00,2177.800048828125,2177.800048828125,2171.300048828125,2171.300048828125,35.0
2020-05-20 14:50:00,2172.0,2172.0,2172.0,2172.0,10.0
2020-05-20 14:55:00,2172.0,2172.0,2172.0,2172.0,23.0
2020-05-20 15:10:00,2182.199951171875,2182.199951171875,2182.199951171875,2182.199951171875,2.0
2020-05-20 15:15:00,2180.949951171875,2180.949951171875,2180.949951171875,2180.949951171875,1.0
2020-05-20 15:20:00,2189.0,2189.0,2188.949951171875,2188.949951171875,18.0
2020-05-20 15:25:00,2188.949951171875,2188.949951171875,2186.25,2186.25,22.0
2020-05-21 09:20:00,2171.550048828125,2171.550048828125,2171.550048828125,2171.550048828125,0.0
2020-05-21 09:40:00,2158.0,2158.0,2158.0,2158.0,60.0
2020-05-21 09:45:00,2200.0,2200.0,2200.0,2200.0,90.0
2020-05-21 10:00:00,2191.5,2191.5,2171.10009765625,2171.10009765625,5.0
2020-05-21 10:10:00,2188.89990234375,2188.89990234375,2188.89990234375,2188.89990234375,6.0
2020-05-21 10:15:00,2179.0,2191.699951171875,2179.0,2191.699951171875,3.0
2020-05-21 10:40:00,2191.550048828125,2191.550048828125,2191.550048828125,2191.550048828125,4.0
2020-05-21 10:45:00,2190.949951171875,2190.949951171875,2190.949951171875,2190.949951171875,2.0
2020-05-21 11:10:00,2189.949951171875,2189.949951171875,2189.949951171875,2189.949951171875,1.0
2020-05-21 11:25:00,2189.800048828125,2190.0,2189.800048828125,2190.0,43.0
2020-05-21 11:30:00,2191.0,2191.0,2191.0,2191.0,0.0
2020-05-21 11:35:00,2190.0,2190.0,2190.0,2190.0,10.0
2020-05-21 11:40:00,2191.699951171875,2191.699951171875,2191.699951171875,2191.699951171875,0.0
2020-05-21 11:50:00,2190.0,2190.0,2190.0,2190.0,28.0
2020-05-21 11:55:00,2190.0,2190.0,2190.0,2190.0,0.0
2020-05-21 12:15:00,2191.64990234375,2191.64990234375,2191.64990234375,2191.64990234375,8.0
2020-05-21 12:25:00,2190.050048828125,2190.050048828125,2190.050048828125,2190.050048828125,2.0
2020-05-21 12:30:00,2191.699951171875,2191.699951171875,2191.699951171875,2191.699951171875,1.0
2020-05-21 12:40:00,2190.0,2190.0,2190.0,2190.0,19.0
2020-05-21 12:50:00,2196.949951171875,2196.949951171875,2196.949951171875,2196.949951171875,22.0
2020-05-21 12:55:00,2200.0,2200.0,2200.0,2200.0,23.0
2020-05-21 13:15:00,2200.0,2200.0,2200.0,2200.0,100.0
2020-05-21 13:50:00,2191.800048828125,2191.800048828125,2191.800048828125,2191.800048828125,12.0
2020-05-21 14:05:00,2188.050048828125,2188.050048828125,2188.050048828125,2188.050048828125,39.0
2020-05-21 14:35:00,2188.14990234375,2194.300048828125,2188.14990234375,2194.300048828125,13.0
2020-05-21 14:40:00,2192.949951171875,2192.949951171875,2192.949951171875,2192.949951171875,0.0
2020-05-21 14:45:00,2188.25,2192.949951171875,2188.25,2192.949951171875,2.0
2020-05-21 14:50:00,2190.0,2192.949951171875,2190.0,2192.949951171875,1.0
2020-05-21 14:55:00,2189.39990234375,2189.39990234375,2188.0,2188.0,160.0
2020-05-21 15:00:00,2186.800048828125,2186.800048828125,2181.199951171875,2181.25,0.0
2020-05-21 15:05:00,2181.199951171875,2187.75,2172.0,2172.050048828125,39.0
2020-05-21 15:10:00,2160.300048828125,2173.949951171875,2160.300048828125,2171.0,144.0
2020-05-21 15:15:00,2173.89990234375,2173.89990234375,2171.0,2171.0,49.0
2020-05-21 15:20:00,2171.0,2174.0,2171.0,2174.0,60.0
2020-05-21 15:25:00,2174.0,2193.0,2174.0,2174.699951171875,97.0
2020-05-22 09:15:00,2174.699951171875,2174.699951171875,2174.699951171875,2174.699951171875,0.0
2020-05-22 09:25:00,2166.0,2174.10009765625,2166.0,2174.10009765625,9.0
2020-05-22 09:30:00,2174.10009765625,2174.10009765625,2174.10009765625,2174.10009765625,2.0
2020-05-22 09:35:00,2174.10009765625,2174.10009765625,2174.10009765625,2174.10009765625,0.0
2020-05-22 09:40:00,2174.25,2174.25,2174.25,2174.25,1.0
2020-05-22 09:55:00,2174.699951171875,2174.699951171875,2174.699951171875,2174.699951171875,7.0
2020-05-22 10:00:00,2174.699951171875,2185.60009765625,2174.699951171875,2176.300048828125,10.0
2020-05-22 10:10:00,2185.550048828125,2185.550048828125,2185.550048828125,2185.550048828125,2.0
2020-05-22 10:15:00,2186.550048828125,2186.550048828125,2186.550048828125,2186.550048828125,3.0
2020-05-22 10:20:00,2176.25,2189.14990234375,2176.25,2189.14990234375,7.0
2020-05-22 10:45:00,2180.0,2180.0,2180.0,2180.0,5.0
2020-05-22 10:50:00,2180.0,2180.0,2180.0,2180.0,34.0
2020-05-22 10:55:00,2180.0,2180.0,2180.0,2180.0,0.0
2020-05-22 11:05:00,2180.0,2180.0,2180.0,2180.0,1.0
2020-05-22 11:10:00,2180.0,2180.0,2180.0,2180.0,8.0
2020-05-22 11:15:00,2185.0,2190.0,2185.0,2190.0,153.0
2020-05-22 11:20:00,2190.14990234375,2190.14990234375,2190.14990234375,2190.14990234375,0.0
2020-05-22 11:25:00,2190.14990234375,2190.14990234375,2190.14990234375,2190.14990234375,4.0
2020-05-22 11:30:00,2194.14990234375,2194.14990234375,2173.64990234375,2173.64990234375,136.0
2020-05-22 11:45:00,2200.0,2200.0,2199.35009765625,2199.35009765625,201.0
2020-05-22 11:50:00,2190.0,2190.0,2190.0,2190.0,5.0
2020-05-22 12:05:00,2190.0,2190.0,2190.0,2190.0,12.0
2020-05-22 12:10:00,2190.0,2190.0,2190.0,2190.0,1.0
2020-05-22 12:50:00,2190.0,2190.0,2190.0,2190.0,29.0
2020-05-22 12:55:00,2190.0,2190.0,2190.0,2190.0,0.0
2020-05-22 13:10:00,2180.0,2180.0,2180.0,2180.0,21.0
2020-05-22 13:15:00,2186.5,2186.5,2186.5,2186.5,1.0
2020-05-22 13:20:00,2177.0,2177.0,2174.0,2174.0,35.0
2020-05-22 13:25:00,2171.300048828125,2171.300048828125,2171.300048828125,2171.300048828125,14.0
2020-05-22 13:45:00,2172.14990234375,2172.14990234375,2172.14990234375,2172.14990234375,20.0
2020-05-22 13:55:00,2172.5,2177.449951171875,2172.5,2177.449951171875,7.0
2020-05-22 14:00:00,2177.199951171875,2177.199951171875,2177.199951171875,2177.199951171875,0.0
2020-05-22 14:10:00,2177.199951171875,2177.199951171875,2177.0,2177.0,4.0
2020-05-22 14:25:00,2173.64990234375,2173.64990234375,2173.64990234375,2173.64990234375,4.0
2020-05-22 14:30:00,2171.300048828125,2171.550048828125,2171.300048828125,2171.550048828125,49.0
2020-05-22 14:35:00,2171.550048828125,2171.550048828125,2171.300048828125,2171.300048828125,116.0
2020-05-22 14:45:00,2167.0,2170.89990234375,2167.0,2170.89990234375,0.0
2020-05-22 14:55:00,2171.550048828125,2171.550048828125,2171.5,2171.5,22.0
2020-05-22 15:00:00,2167.050048828125,2167.050048828125,2167.050048828125,2167.050048828125,9.0
2020-05-22 15:05:00,2171.550048828125,2171.550048828125,2171.550048828125,2171.550048828125,22.0
2020-05-22 15:10:00,2173.0,2173.0,2173.0,2173.0,2.0
2020-05-22 15:20:00,2170.050048828125,2184.89990234375,2170.0,2179.949951171875,32.0
2020-05-22 15:25:00,2170.0,2171.60009765625,2170.0,2171.60009765625,25.0
2020-05-26 09:15:00,2199.0,2199.0,2195.949951171875,2195.949951171875,0.0
2020-05-26 09:20:00,2200.0,2200.0,2180.60009765625,2200.0,195.0
2020-05-26 09:25:00,2200.0,2200.0,2199.0,2200.0,13.0
2020-05-26 09:30:00,2185.39990234375,2185.39990234375,2185.39990234375,2185.39990234375,7.0
2020-05-26 09:35:00,2185.39990234375,2185.39990234375,2183.199951171875,2183.199951171875,12.0
2020-05-26 09:40:00,2183.89990234375,2190.300048828125,2183.89990234375,2190.300048828125,16.0
2020-05-26 09:45:00,2191.949951171875,2191.949951171875,2191.949951171875,2191.949951171875,1.0
2020-05-26 09:50:00,2185.5,2185.5,2185.14990234375,2185.14990234375,9.0
2020-05-26 09:55:00,2183.699951171875,2183.699951171875,2181.550048828125,2181.550048828125,7.0
2020-05-26 10:00:00,2169.949951171875,2175.050048828125,2166.0,2175.050048828125,95.0
2020-05-26 10:05:00,2171.050048828125,2171.050048828125,2171.050048828125,2171.050048828125,0.0
2020-05-26 10:15:00,2177.300048828125,2179.0,2177.300048828125,2179.0,103.0
2020-05-26 10:20:00,2179.0,2179.0,2179.0,2179.0,0.0
2020-05-26 10:25:00,2179.0,2179.0,2179.0,2179.0,2.0
2020-05-26 10:30:00,2178.5,2179.0,2178.5,2179.0,209.0
2020-05-26 10:35:00,2179.0,2179.0,2178.5,2178.5,180.0
2020-05-26 10:40:00,2172.050048828125,2172.050048828125,2165.0,2165.0,0.0
2020-05-26 10:45:00,2165.10009765625,2173.449951171875,2165.10009765625,2173.449951171875,8.0
2020-05-26 10:50:00,2165.0,2165.0,2165.0,2165.0,49.0
2020-05-26 11:00:00,2165.050048828125,2175.10009765625,2165.050048828125,2175.10009765625,14.0
2020-05-26 11:05:00,2166.050048828125,2166.050048828125,2166.050048828125,2166.050048828125,27.0
2020-05-26 11:10:00,2166.300048828125,2166.300048828125,2166.0,2166.0,21.0
2020-05-26 11:15:00,2166.0,2166.0,2165.050048828125,2165.050048828125,19.0
2020-05-26 11:20:00,2165.0,2165.0,2165.0,2165.0,24.0
2020-05-26 11:25:00,2170.050048828125,2170.050048828125,2170.050048828125,2170.050048828125,0.0
2020-05-26 11:40:00,2160.0,2169.949951171875,2160.0,2169.949951171875,407.0
2020-05-26 11:50:00,2169.949951171875,2169.949951171875,2169.949951171875,2169.949951171875,2.0
2020-05-26 11:55:00,2169.949951171875,2175.0,2169.949951171875,2175.0,48.0
2020-05-26 12:00:00,2174.949951171875,2175.0,2174.89990234375,2174.949951171875,12.0
2020-05-26 12:05:00,2174.949951171875,2175.0,2174.949951171875,2175.0,41.0
2020-05-26 12:10:00,2174.949951171875,2175.0,2174.949951171875,2175.0,51.0
2020-05-26 12:15:00,2175.0,2175.0,2175.0,2175.0,39.0
2020-05-26 12:20:00,2175.0,2179.0,2170.14990234375,2178.949951171875,36.0
2020-05-26 12:25:00,2177.64990234375,2190.0,2177.0,2189.949951171875,679.0
2020-05-26 12:30:00,2189.85009765625,2198.0,2189.85009765625,2197.89990234375,62.0
2020-05-26 12:35:00,2197.75,2198.0,2195.449951171875,2196.949951171875,45.0
2020-05-26 12:40:00,2196.949951171875,2207.949951171875,2196.85009765625,2207.949951171875,452.0
2020-05-26 12:45:00,2207.949951171875,2219.699951171875,2204.949951171875,2205.0,110.0
2020-05-26 12:50:00,2215.0,2215.0,2200.0,2215.0,58.0
2020-05-26 12:55:00,2214.949951171875,2237.949951171875,2214.949951171875,2236.949951171875,277.0
2020-05-26 13:00:00,2237.0,2237.699951171875,2225.050048828125,2229.949951171875,28.0
2020-05-26 13:05:00,2230.0,2230.0,2213.449951171875,2224.949951171875,37.0
2020-05-26 13:10:00,2220.89990234375,2223.5,2214.0,2216.0,27.0
2020-05-26 13:15:00,2214.0,2214.0,2206.949951171875,2213.35009765625,49.0
2020-05-26 13:20:00,2215.0,2220.300048828125,2215.0,2220.300048828125,181.0
2020-05-26 13:25:00,2220.0,2220.0,2220.0,2220.0,66.0
2020-05-26 13:30:00,2220.0,2220.050048828125,2220.0,2220.0,225.0
2020-05-26 13:35:00,2220.0,2220.0,2220.0,2220.0,9.0
2020-05-26 13:40:00,2220.050048828125,2220.10009765625,2217.0,2220.10009765625,213.0
2020-05-26 13:45:00,2220.050048828125,2221.0,2220.050048828125,2220.050048828125,26.0
2020-05-26 13:50:00,2220.0,2220.0,2220.0,2220.0,353.0
2020-05-26 13:55:00,2217.0,2218.0,2217.0,2218.0,3.0
2020-05-26 14:00:00,2220.0,2220.0,2220.0,2220.0,11.0
2020-05-26 14:05:00,2220.0,2220.0,2220.0,2220.0,4.0
2020-05-26 14:10:00,2222.550048828125,2228.64990234375,2222.550048828125,2228.64990234375,31.0
2020-05-26 14:20:00,2221.25,2221.300048828125,2220.0,2220.0,79.0
2020-05-26 14:25:00,2222.0,2225.800048828125,2222.0,2225.800048828125,0.0
2020-05-26 14:30:00,2220.0,2220.0,2220.0,2220.0,5.0
2020-05-26 14:35:00,2220.0,2220.0,2220.0,2220.0,31.0
2020-05-26 14:50:00,2220.0,2220.0,2220.0,2220.0,12.0
2020-05-26 14:55:00,2220.0,2220.0,2220.0,2220.0,22.0
2020-05-26 15:00:00,2220.0,2223.0,2220.0,2223.0,8.0
2020-05-26 15:05:00,2223.0,2225.0,2223.0,2223.050048828125,26.0
2020-05-26 15:10:00,2223.0,2223.0,2223.0,2223.0,28.0
2020-05-26 15:20:00,2223.050048828125,2224.949951171875,2223.050048828125,2224.949951171875,14.0
2020-05-26 15:25:00,2225.0,2225.0,2220.0,2220.0,126.0
2020-05-27 09:15:00,2233.0,2233.0,2220.0,2229.89990234375,0.0
2020-05-27 09:20:00,2229.949951171875,2229.949951171875,2229.0,2229.0,7.0
2020-05-27 09:25:00,2218.14990234375,2220.0,2218.14990234375,2220.0,189.0
2020-05-27 09:35:00,2215.0,2215.0,2202.199951171875,2214.75,17.0
2020-05-27 09:45:00,2205.0,2205.0,2201.0,2201.0,13.0
2020-05-27 09:50:00,2200.0,2200.0,2182.5,2182.5,8.0
2020-05-27 09:55:00,2182.449951171875,2199.449951171875,2181.14990234375,2199.449951171875,26.0
2020-05-27 10:00:00,2180.0,2187.949951171875,2180.0,2182.25,280.0
2020-05-27 10:05:00,2181.35009765625,2188.0,2181.35009765625,2188.0,48.0
2020-05-27 10:10:00,2188.0,2188.0,2183.10009765625,2183.10009765625,0.0
2020-05-27 10:15:00,2183.050048828125,2183.050048828125,2181.050048828125,2181.050048828125,25.0
2020-05-27 10:25:00,2180.550048828125,2180.550048828125,2180.0,2180.14990234375,22.0
2020-05-27 10:30:00,2180.0,2202.0,2177.10009765625,2200.0,368.0
2020-05-27 10:35:00,2202.0,2214.949951171875,2202.0,2214.949951171875,214.0
2020-05-27 10:40:00,2202.25,2212.64990234375,2202.25,2212.64990234375,11.0
2020-05-27 10:45:00,2214.0,2215.0,2204.949951171875,2204.949951171875,66.0
2020-05-27 10:50:00,2200.0,2200.0,2185.0,2199.85009765625,51.0
2020-05-27 10:55:00,2195.949951171875,2195.949951171875,2195.949951171875,2195.949951171875,0.0
2020-05-27 11:00:00,2199.39990234375,2199.39990234375,2199.39990234375,2199.39990234375,0.0
2020-05-27 11:05:00,2185.050048828125,2186.300048828125,2185.050048828125,2186.300048828125,11.0
2020-05-27 11:15:00,2190.10009765625,2190.199951171875,2190.10009765625,2190.199951171875,6.0
2020-05-27 11:20:00,2194.0,2194.0,2194.0,2194.0,3.0
2020-05-27 11:25:00,2190.199951171875,2190.39990234375,2190.199951171875,2190.39990234375,17.0
2020-05-27 11:30:00,2194.0,2196.800048828125,2194.0,2196.800048828125,7.0
2020-05-27 11:40:00,2190.300048828125,2190.550048828125,2190.300048828125,2190.550048828125,23.0
2020-05-27 11:45:00,2191.60009765625,2191.60009765625,2191.60009765625,2191.60009765625,1.0
2020-05-27 12:00:00,2190.35009765625,2190.60009765625,2190.35009765625,2190.60009765625,18.0
2020-05-27 12:10:00,2190.5,2196.0,2190.0,2196.0,52.0
2020-05-27 12:15:00,2190.050048828125,2190.050048828125,2190.050048828125,2190.050048828125,5.0
2020-05-27 12:20:00,2190.050048828125,2190.300048828125,2190.050048828125,2190.300048828125,16.0
2020-05-27 12:25:00,2190.10009765625,2190.10009765625,2190.10009765625,2190.10009765625,4.0
2020-05-27 12:30:00,2190.10009765625,2190.10009765625,2190.050048828125,2190.10009765625,8.0
2020-05-27 12:35:00,2191.0,2191.0,2190.10009765625,2191.0,17.0
2020-05-27 12:40:00,2191.050048828125,2191.050048828125,2190.050048828125,2190.10009765625,43.0
2020-05-27 12:45:00,2194.10009765625,2194.10009765625,2190.050048828125,2190.050048828125,32.0
2020-05-27 12:50:00,2190.050048828125,2190.050048828125,2190.0,2190.0,38.0
2020-05-27 12:55:00,2186.300048828125,2186.300048828125,2183.199951171875,2184.449951171875,17.0
2020-05-27 13:00:00,2188.85009765625,2188.85009765625,2180.10009765625,2180.10009765625,14.0
2020-05-27 13:05:00,2180.10009765625,2180.14990234375,2180.10009765625,2180.10009765625,17.0
2020-05-27 13:10:00,2180.10009765625,2180.35009765625,2180.10009765625,2180.35009765625,18.0
2020-05-27 13:15:00,2180.449951171875,2180.449951171875,2180.10009765625,2180.300048828125,13.0
2020-05-27 13:20:00,2180.300048828125,2186.14990234375,2180.10009765625,2186.14990234375,12.0
2020-05-27 13:25:00,2180.10009765625,2181.199951171875,2180.10009765625,2181.199951171875,17.0
2020-05-27 13:30:00,2183.699951171875,2188.800048828125,2182.449951171875,2188.800048828125,7.0
2020-05-27 13:35:00,2181.14990234375,2188.0,2181.10009765625,2181.35009765625,30.0
2020-05-27 13:40:00,2181.39990234375,2188.0,2181.39990234375,2188.0,54.0
2020-05-27 13:45:00,2182.050048828125,2190.0,2182.050048828125,2185.35009765625,18.0
2020-05-27 13:50:00,2183.699951171875,2183.699951171875,2182.0,2182.85009765625,12.0
2020-05-27 13:55:00,2182.0,2182.0,2181.5,2181.75,80.0
2020-05-27 14:00:00,2181.75,2186.75,2181.75,2181.75,12.0
2020-05-27 14:05:00,2181.75,2194.14990234375,2181.75,2182.550048828125,38.0
2020-05-27 14:10:00,2182.550048828125,2184.64990234375,2182.5,2184.64990234375,12.0
2020-05-27 14:15:00,2182.550048828125,2182.550048828125,2180.10009765625,2180.199951171875,59.0
2020-05-27 14:20:00,2181.0,2186.10009765625,2181.0,2183.199951171875,12.0
2020-05-27 14:25:00,2183.199951171875,2183.199951171875,2181.0,2181.25,23.0
2020-05-27 14:30:00,2181.300048828125,2181.300048828125,2181.300048828125,2181.300048828125,13.0
2020-05-27 14:35:00,2182.0,2182.0,2181.0,2181.0,64.0
2020-05-27 14:40:00,2181.0,2181.050048828125,2180.0,2180.0,84.0
2020-05-27 14:45:00,2180.0,2180.10009765625,2178.5,2180.050048828125,136.0
2020-05-27 14:50:00,2178.800048828125,2188.699951171875,2178.800048828125,2178.800048828125,72.0
2020-05-27 14:55:00,2178.800048828125,2178.85009765625,2178.800048828125,2178.800048828125,44.0
2020-05-27 15:00:00,2178.800048828125,2178.800048828125,2177.10009765625,2177.14990234375,27.0
2020-05-27 15:05:00,2177.10009765625,2177.10009765625,2177.10009765625,2177.10009765625,20.0
2020-05-27 15:10:00,2177.10009765625,2188.0,2177.10009765625,2188.0,80.0
2020-05-27 15:15:00,2183.0,2183.0,2173.0,2173.0,99.0
2020-05-27 15:20:00,2178.5,2186.949951171875,2173.0,2185.0,137.0
2020-05-27 15:25:00,2185.0,2185.0,2161.0,2173.64990234375,382.0
2020-05-28 09:15:00,2173.64990234375,2184.60009765625,2164.949951171875,2184.60009765625,0.0
2020-05-28 09:20:00,2181.10009765625,2181.10009765625,2175.0,2175.0,33.0
2020-05-28 09:25:00,2172.64990234375,2185.0,2172.64990234375,2185.0,8.0
2020-05-28 09:30:00,2188.800048828125,2188.800048828125,2172.050048828125,2188.0,5.0
2020-05-28 09:55:00,2187.0,2187.0,2187.0,2187.0,53.0
2020-05-28 10:00:00,2176.0,2185.300048828125,2176.0,2185.300048828125,1.0
2020-05-28 10:10:00,2176.050048828125,2185.300048828125,2176.050048828125,2185.300048828125,59.0
2020-05-28 10:15:00,2185.300048828125,2185.300048828125,2185.300048828125,2185.300048828125,91.0
2020-05-28 10:20:00,2185.300048828125,2187.800048828125,2185.300048828125,2187.800048828125,0.0
2020-05-28 10:25:00,2185.300048828125,2187.949951171875,2185.300048828125,2187.949951171875,25.0
2020-05-28 10:40:00,2187.949951171875,2191.60009765625,2187.949951171875,2191.60009765625,25.0
2020-05-28 10:45:00,2185.300048828125,2185.300048828125,2185.300048828125,2185.300048828125,37.0
2020-05-28 11:15:00,2186.0,2186.0,2186.0,2186.0,10.0
2020-05-28 11:25:00,2186.0,2190.0,2186.0,2190.0,41.0
2020-05-28 11:30:00,2190.050048828125,2190.050048828125,2190.050048828125,2190.050048828125,0.0
2020-05-28 11:35:00,2190.14990234375,2190.14990234375,2190.14990234375,2190.14990234375,6.0
2020-05-28 11:40:00,2187.949951171875,2187.949951171875,2187.949951171875,2187.949951171875,0.0
2020-05-28 11:45:00,2185.300048828125,2185.300048828125,2185.300048828125,2185.300048828125,49.0
2020-05-28 11:55:00,2185.39990234375,2185.39990234375,2185.39990234375,2185.39990234375,1.0
2020-05-28 12:20:00,2185.39990234375,2185.39990234375,2185.39990234375,2185.39990234375,1.0
2020-05-28 12:30:00,2185.300048828125,2185.300048828125,2185.300048828125,2185.300048828125,2.0
2020-05-28 12:40:00,2185.35009765625,2190.14990234375,2185.35009765625,2190.14990234375,40.0
2020-05-28 12:45:00,2190.10009765625,2190.10009765625,2190.10009765625,2190.10009765625,0.0
2020-05-28 13:15:00,2190.0,2190.0,2190.0,2190.0,6.0
2020-05-28 13:40:00,2185.300048828125,2185.300048828125,2185.300048828125,2185.300048828125,26.0
2020-05-28 13:55:00,2185.300048828125,2185.300048828125,2185.300048828125,2185.300048828125,2.0
2020-05-28 14:00:00,2185.300048828125,2185.300048828125,2185.300048828125,2185.300048828125,3.0
2020-05-28 14:10:00,2180.35009765625,2185.25,2180.35009765625,2185.25,5.0
2020-05-28 14:15:00,2185.300048828125,2189.0,2185.300048828125,2189.0,37.0
2020-05-28 14:20:00,2190.14990234375,2190.14990234375,2190.14990234375,2190.14990234375,2.0
2020-05-28 14:25:00,2180.0,2180.0,2180.0,2180.0,10.0
2020-05-28 14:35:00,2189.64990234375,2189.64990234375,2189.64990234375,2189.64990234375,2.0
2020-05-28 14:50:00,2189.25,2189.25,2189.25,2189.25,0.0
2020-05-28 14:55:00,2188.0,2188.0,2188.0,2188.0,2.0
2020-05-28 15:00:00,2189.5,2190.14990234375,2189.5,2190.14990234375,26.0
2020-05-28 15:20:00,2189.949951171875,2190.0,2188.60009765625,2190.0,226.0
2020-05-28 15:25:00,2190.0,2200.0,2189.550048828125,2189.550048828125,0.0
2020-05-29 09:15:00,2199.800048828125,2199.800048828125,2192.5,2194.949951171875,0.0
2020-05-29 09:20:00,2192.0,2192.0,2184.050048828125,2184.050048828125,17.0
2020-05-29 09:25:00,2184.050048828125,2184.050048828125,2184.050048828125,2184.050048828125,28.0
2020-05-29 09:30:00,2190.0,2204.75,2190.0,2200.0,52.0
2020-05-29 09:35:00,2207.35009765625,2207.35009765625,2206.89990234375,2206.89990234375,12.0
2020-05-29 09:45:00,2200.050048828125,2206.89990234375,2200.050048828125,2206.89990234375,22.0
2020-05-29 09:50:00,2200.25,2207.0,2200.25,2207.0,30.0
2020-05-29 09:55:00,2208.949951171875,2209.0,2208.949951171875,2209.0,0.0
2020-05-29 10:00:00,2208.949951171875,2208.949951171875,2208.949951171875,2208.949951171875,6.0
2020-05-29 10:05:00,2208.949951171875,2208.949951171875,2208.949951171875,2208.949951171875,1.0
2020-05-29 10:10:00,2204.85009765625,2204.85009765625,2204.85009765625,2204.85009765625,8.0
2020-05-29 10:20:00,2205.050048828125,2205.050048828125,2205.050048828125,2205.050048828125,0.0
2020-05-29 10:25:00,2209.0,2209.0,2209.0,2209.0,2.0
2020-05-29 10:30:00,2208.75,2208.75,2208.75,2208.75,3.0
2020-05-29 10:35:00,2205.10009765625,2208.75,2205.10009765625,2208.75,22.0
2020-05-29 10:40:00,2208.75,2208.75,2204.89990234375,2204.89990234375,43.0
2020-05-29 10:45:00,2204.89990234375,2204.89990234375,2204.89990234375,2204.89990234375,0.0
2020-05-29 10:50:00,2202.949951171875,2202.949951171875,2202.949951171875,2202.949951171875,2.0
2020-05-29 11:05:00,2204.89990234375,2204.89990234375,2204.89990234375,2204.89990234375,10.0
2020-05-29 11:10:00,2202.89990234375,2202.89990234375,2202.89990234375,2202.89990234375,8.0
2020-05-29 11:15:00,2203.0,2204.89990234375,2203.0,2204.89990234375,4.0
2020-05-29 11:20:00,2202.89990234375,2202.89990234375,2202.0,2202.0,29.0
2020-05-29 11:25:00,2202.0,2202.0,2202.0,2202.0,7.0
2020-05-29 11:30:00,2202.0,2202.0,2202.0,2202.0,15.0
2020-05-29 11:35:00,2202.0,2202.0,2202.0,2202.0,8.0
2020-05-29 11:40:00,2202.0,2202.0,2202.0,2202.0,24.0
2020-05-29 11:45:00,2201.550048828125,2202.0,2201.5,2202.0,17.0
2020-05-29 11:50:00,2201.39990234375,2202.0,2201.39990234375,2202.0,39.0
2020-05-29 12:00:00,2201.35009765625,2201.35009765625,2201.35009765625,2201.35009765625,0.0
2020-05-29 12:10:00,2202.0,2202.0,2202.0,2202.0,31.0
2020-05-29 12:15:00,2202.0,2202.0,2201.949951171875,2202.0,15.0
2020-05-29 12:20:00,2202.0,2202.0,2202.0,2202.0,7.0
2020-05-29 12:25:00,2202.0,2202.0,2202.0,2202.0,4.0
2020-05-29 12:30:00,2202.0,2202.0,2202.0,2202.0,3.0
2020-05-29 12:35:00,2202.0,2202.0,2202.0,2202.0,3.0
2020-05-29 12:40:00,2202.0,2210.0,2202.0,2210.0,41.0
2020-05-29 12:45:00,2207.050048828125,2207.050048828125,2207.050048828125,2207.050048828125,3.0
2020-05-29 12:50:00,2215.0,2215.14990234375,2207.5,2215.14990234375,8.0
2020-05-29 12:55:00,2217.75,2218.0,2210.14990234375,2218.0,18.0
2020-05-29 13:00:00,2218.0,2218.0,2218.0,2218.0,13.0
2020-05-29 13:05:00,2218.0,2218.0,2212.699951171875,2212.800048828125,19.0
2020-05-29 13:15:00,2216.949951171875,2216.949951171875,2216.949951171875,2216.949951171875,0.0
2020-05-29 13:20:00,2216.949951171875,2216.949951171875,2216.5,2216.5,2.0
2020-05-29 13:25:00,2216.5,2220.0,2216.5,2220.0,9.0
2020-05-29 13:30:00,2219.0,2220.0,2219.0,2220.0,12.0
2020-05-29 13:40:00,2219.0,2219.949951171875,2215.35009765625,2219.949951171875,7.0
2020-05-29 13:45:00,2220.0,2220.0,2220.0,2220.0,2.0
2020-05-29 13:50:00,2220.0,2220.0,2220.0,2220.0,6.0
2020-05-29 13:55:00,2220.0,2220.0,2215.39990234375,2220.0,4.0
2020-05-29 14:00:00,2220.0,2220.0,2219.949951171875,2219.949951171875,23.0
2020-05-29 14:05:00,2220.0,2220.0,2215.449951171875,2215.449951171875,1.0
2020-05-29 14:10:00,2219.949951171875,2220.0,2219.949951171875,2220.0,15.0
2020-05-29 14:15:00,2219.949951171875,2219.949951171875,2215.449951171875,2215.449951171875,8.0
2020-05-29 14:25:00,2220.0,2230.0,2220.0,2230.0,76.0
2020-05-29 14:30:00,2229.949951171875,2230.0,2229.949951171875,2230.0,8.0
2020-05-29 14:35:00,2230.0,2230.0,2225.75,2229.949951171875,10.0
2020-05-29 14:40:00,2225.949951171875,2229.89990234375,2225.949951171875,2229.89990234375,44.0
2020-05-29 14:45:00,2223.10009765625,2235.0,2223.10009765625,2228.050048828125,56.0
2020-05-29 14:50:00,2228.0,2228.0,2227.10009765625,2227.10009765625,15.0
2020-05-29 14:55:00,2228.0,2230.0,2227.10009765625,2230.0,12.0
2020-05-29 15:00:00,2229.949951171875,2235.64990234375,2229.949951171875,2235.64990234375,122.0
2020-05-29 15:05:00,2235.64990234375,2240.0,2235.64990234375,2240.0,185.0
2020-05-29 15:10:00,2239.949951171875,2249.0,2236.050048828125,2248.0,341.0
2020-05-29 15:15:00,2236.10009765625,2247.0,2233.5,2246.0,158.0
2020-05-29 15:20:00,2240.89990234375,2335.0,2240.89990234375,2333.949951171875,656.0
2020-05-29 15:25:00,2333.949951171875,2457.10009765625,2323.60009765625,2323.60009765625,1333.0
2020-05-27 09:15:00,2233.0,2233.0,2220.0,2229.89990234375,0.0
2020-05-27 09:20:00,2229.949951171875,2229.949951171875,2229.0,2229.0,7.0
2020-05-27 09:25:00,2218.14990234375,2220.0,2218.14990234375,2220.0,189.0
2020-05-27 09:35:00,2215.0,2215.0,2202.199951171875,2214.75,17.0
2020-05-27 09:45:00,2205.0,2205.0,2201.0,2201.0,13.0
2020-05-27 09:50:00,2200.0,2200.0,2182.5,2182.5,8.0
2020-05-27 09:55:00,2182.449951171875,2199.449951171875,2181.14990234375,2199.449951171875,26.0
2020-05-27 10:00:00,2180.0,2187.949951171875,2180.0,2182.25,280.0
2020-05-27 10:05:00,2181.35009765625,2188.0,2181.35009765625,2188.0,48.0
2020-05-27 10:10:00,2188.0,2188.0,2183.10009765625,2183.10009765625,0.0
2020-05-27 10:15:00,2183.050048828125,2183.050048828125,2181.050048828125,2181.050048828125,25.0
2020-05-27 10:25:00,2180.550048828125,2180.550048828125,2180.0,2180.14990234375,22.0
2020-05-27 10:30:00,2180.0,2202.0,2177.10009765625,2200.0,368.0
2020-05-27 10:35:00,2202.0,2214.949951171875,2202.0,2214.949951171875,214.0
2020-05-27 10:40:00,2202.25,2212.64990234375,2202.25,2212.64990234375,11.0
2020-05-27 10:45:00,2214.0,2215.0,2204.949951171875,2204.949951171875,66.0
2020-05-27 10:50:00,2200.0,2200.0,2185.0,2199.85009765625,51.0
2020-05-27 10:55:00,2195.949951171875,2195.949951171875,2195.949951171875,2195.949951171875,0.0
2020-05-27 11:00:00,2199.39990234375,2199.39990234375,2199.39990234375,2199.39990234375,0.0
2020-05-27 11:05:00,2185.050048828125,2186.300048828125,2185.050048828125,2186.300048828125,11.0
2020-05-27 11:15:00,2190.10009765625,2190.199951171875,2190.10009765625,2190.199951171875,6.0
2020-05-27 11:20:00,2194.0,2194.0,2194.0,2194.0,3.0
2020-05-27 11:25:00,2190.199951171875,2190.39990234375,2190.199951171875,2190.39990234375,17.0
2020-05-27 11:30:00,2194.0,2196.800048828125,2194.0,2196.800048828125,7.0
2020-05-27 11:40:00,2190.300048828125,2190.550048828125,2190.300048828125,2190.550048828125,23.0
2020-05-27 11:45:00,2191.60009765625,2191.60009765625,2191.60009765625,2191.60009765625,1.0
2020-05-27 12:00:00,2190.35009765625,2190.60009765625,2190.35009765625,2190.60009765625,18.0
2020-05-27 12:10:00,2190.5,2196.0,2190.0,2196.0,52.0
2020-05-27 12:15:00,2190.050048828125,2190.050048828125,2190.050048828125,2190.050048828125,5.0
2020-05-27 12:20:00,2190.050048828125,2190.300048828125,2190.050048828125,2190.300048828125,16.0
2020-05-27 12:25:00,2190.10009765625,2190.10009765625,2190.10009765625,2190.10009765625,4.0
2020-05-27 12:30:00,2190.10009765625,2190.10009765625,2190.050048828125,2190.10009765625,8.0
2020-05-27 12:35:00,2191.0,2191.0,2190.10009765625,2191.0,17.0
2020-05-27 12:40:00,2191.050048828125,2191.050048828125,2190.050048828125,2190.10009765625,43.0
2020-05-27 12:45:00,2194.10009765625,2194.10009765625,2190.050048828125,2190.050048828125,32.0
2020-05-27 12:50:00,2190.050048828125,2190.050048828125,2190.0,2190.0,38.0
2020-05-27 12:55:00,2186.300048828125,2186.300048828125,2183.199951171875,2184.449951171875,17.0
2020-05-27 13:00:00,2188.85009765625,2188.85009765625,2180.10009765625,2180.10009765625,14.0
2020-05-27 13:05:00,2180.10009765625,2180.14990234375,2180.10009765625,2180.10009765625,17.0
2020-05-27 13:10:00,2180.10009765625,2180.35009765625,2180.10009765625,2180.35009765625,18.0
2020-05-27 13:15:00,2180.449951171875,2180.449951171875,2180.10009765625,2180.300048828125,13.0
2020-05-27 13:20:00,2180.300048828125,2186.14990234375,2180.10009765625,2186.14990234375,12.0
2020-05-27 13:25:00,2180.10009765625,2181.199951171875,2180.10009765625,2181.199951171875,17.0
2020-05-27 13:30:00,2183.699951171875,2188.800048828125,2182.449951171875,2188.800048828125,7.0
2020-05-27 13:35:00,2181.14990234375,2188.0,2181.10009765625,2181.35009765625,30.0
2020-05-27 13:40:00,2181.39990234375,2188.0,2181.39990234375,2188.0,54.0
2020-05-27 13:45:00,2182.050048828125,2190.0,2182.050048828125,2185.35009765625,18.0
2020-05-27 13:50:00,2183.699951171875,2183.699951171875,2182.0,2182.85009765625,12.0
2020-05-27 13:55:00,2182.0,2182.0,2181.5,2181.75,80.0
2020-05-27 14:00:00,2181.75,2186.75,2181.75,2181.75,12.0
2020-05-27 14:05:00,2181.75,2194.14990234375,2181.75,2182.550048828125,38.0
2020-05-27 14:10:00,2182.550048828125,2184.64990234375,2182.5,2184.64990234375,12.0
2020-05-27 14:15:00,2182.550048828125,2182.550048828125,2180.10009765625,2180.199951171875,59.0
2020-05-27 14:20:00,2181.0,2186.10009765625,2181.0,2183.199951171875,12.0
2020-05-27 14:25:00,2183.199951171875,2183.199951171875,2181.0,2181.25,23.0
2020-05-27 14:30:00,2181.300048828125,2181.300048828125,2181.300048828125,2181.300048828125,13.0
2020-05-27 14:35:00,2182.0,2182.0,2181.0,2181.0,64.0
2020-05-27 14:40:00,2181.0,2181.050048828125,2180.0,2180.0,84.0
2020-05-27 14:45:00,2180.0,2180.10009765625,2178.5,2180.050048828125,136.0
2020-05-27 14:50:00,2178.800048828125,2188.699951171875,2178.800048828125,2178.800048828125,72.0
2020-05-27 14:55:00,2178.800048828125,2178.85009765625,2178.800048828125,2178.800048828125,44.0
2020-05-27 15:00:00,2178.800048828125,2178.800048828125,2177.10009765625,2177.14990234375,27.0
2020-05-27 15:05:00,2177.10009765625,2177.10009765625,2177.10009765625,2177.10009765625,20.0
2020-05-27 15:10:00,2177.10009765625,2188.0,2177.10009765625,2188.0,80.0
2020-05-27 15:15:00,2183.0,2183.0,2173.0,2173.0,99.0
2020-05-27 15:20:00,2178.5,2186.949951171875,2173.0,2185.0,137.0
2020-05-27 15:25:00,2185.0,2185.0,2161.0,2173.64990234375,382.0
2020-05-28 09:15:00,2173.64990234375,2184.60009765625,2164.949951171875,2184.60009765625,0.0
2020-05-28 09:20:00,2181.10009765625,2181.10009765625,2175.0,2175.0,33.0
2020-05-28 09:25:00,2172.64990234375,2185.0,2172.64990234375,2185.0,8.0
2020-05-28 09:30:00,2188.800048828125,2188.800048828125,2172.050048828125,2188.0,5.0
2020-05-28 09:55:00,2187.0,2187.0,2187.0,2187.0,53.0
2020-05-28 10:00:00,2176.0,2185.300048828125,2176.0,2185.300048828125,1.0
2020-05-28 10:10:00,2176.050048828125,2185.300048828125,2176.050048828125,2185.300048828125,59.0
2020-05-28 10:15:00,2185.300048828125,2185.300048828125,2185.300048828125,2185.300048828125,91.0
2020-05-28 10:20:00,2185.300048828125,2187.800048828125,2185.300048828125,2187.800048828125,0.0
2020-05-28 10:25:00,2185.300048828125,2187.949951171875,2185.300048828125,2187.949951171875,25.0
2020-05-28 10:40:00,2187.949951171875,2191.60009765625,2187.949951171875,2191.60009765625,25.0
2020-05-28 10:45:00,2185.300048828125,2185.300048828125,2185.300048828125,2185.300048828125,37.0
2020-05-28 11:15:00,2186.0,2186.0,2186.0,2186.0,10.0
2020-05-28 11:25:00,2186.0,2190.0,2186.0,2190.0,41.0
2020-05-28 11:30:00,2190.050048828125,2190.050048828125,2190.050048828125,2190.050048828125,0.0
2020-05-28 11:35:00,2190.14990234375,2190.14990234375,2190.14990234375,2190.14990234375,6.0
2020-05-28 11:40:00,2187.949951171875,2187.949951171875,2187.949951171875,2187.949951171875,0.0
2020-05-28 11:45:00,2185.300048828125,2185.300048828125,2185.300048828125,2185.300048828125,49.0
2020-05-28 11:55:00,2185.39990234375,2185.39990234375,2185.39990234375,2185.39990234375,1.0
2020-05-28 12:20:00,2185.39990234375,2185.39990234375,2185.39990234375,2185.39990234375,1.0
2020-05-28 12:30:00,2185.300048828125,2185.300048828125,2185.300048828125,2185.300048828125,2.0
2020-05-28 12:40:00,2185.35009765625,2190.14990234375,2185.35009765625,2190.14990234375,40.0
2020-05-28 12:45:00,2190.10009765625,2190.10009765625,2190.10009765625,2190.10009765625,0.0
2020-05-28 13:15:00,2190.0,2190.0,2190.0,2190.0,6.0
2020-05-28 13:40:00,2185.300048828125,2185.300048828125,2185.300048828125,2185.300048828125,26.0
2020-05-28 13:55:00,2185.300048828125,2185.300048828125,2185.300048828125,2185.300048828125,2.0
2020-05-28 14:00:00,2185.300048828125,2185.300048828125,2185.300048828125,2185.300048828125,3.0
2020-05-28 14:10:00,2180.35009765625,2185.25,2180.35009765625,2185.25,5.0
2020-05-28 14:15:00,2185.300048828125,2189.0,2185.300048828125,2189.0,37.0
2020-05-28 14:20:00,2190.14990234375,2190.14990234375,2190.14990234375,2190.14990234375,2.0
2020-05-28 14:25:00,2180.0,2180.0,2180.0,2180.0,10.0
2020-05-28 14:35:00,2189.64990234375,2189.64990234375,2189.64990234375,2189.64990234375,2.0
2020-05-28 14:50:00,2189.25,2189.25,2189.25,2189.25,0.0
2020-05-28 14:55:00,2188.0,2188.0,2188.0,2188.0,2.0
2020-05-28 15:00:00,2189.5,2190.14990234375,2189.5,2190.14990234375,26.0
2020-05-28 15:20:00,2189.949951171875,2190.0,2188.60009765625,2190.0,226.0
2020-05-28 15:25:00,2190.0,2200.0,2189.550048828125,2189.550048828125,0.0
2020-05-29 09:15:00,2199.800048828125,2199.800048828125,2192.5,2194.949951171875,0.0
2020-05-29 09:20:00,2192.0,2192.0,2184.050048828125,2184.050048828125,17.0
2020-05-29 09:25:00,2184.050048828125,2184.050048828125,2184.050048828125,2184.050048828125,28.0
2020-05-29 09:30:00,2190.0,2204.75,2190.0,2200.0,52.0
2020-05-29 09:35:00,2207.35009765625,2207.35009765625,2206.89990234375,2206.89990234375,12.0
2020-05-29 09:45:00,2200.050048828125,2206.89990234375,2200.050048828125,2206.89990234375,22.0
2020-05-29 09:50:00,2200.25,2207.0,2200.25,2207.0,30.0
2020-05-29 09:55:00,2208.949951171875,2209.0,2208.949951171875,2209.0,0.0
2020-05-29 10:00:00,2208.949951171875,2208.949951171875,2208.949951171875,2208.949951171875,6.0
2020-05-29 10:05:00,2208.949951171875,2208.949951171875,2208.949951171875,2208.949951171875,1.0
2020-05-29 10:10:00,2204.85009765625,2204.85009765625,2204.85009765625,2204.85009765625,8.0
2020-05-29 10:20:00,2205.050048828125,2205.050048828125,2205.050048828125,2205.050048828125,0.0
2020-05-29 10:25:00,2209.0,2209.0,2209.0,2209.0,2.0
2020-05-29 10:30:00,2208.75,2208.75,2208.75,2208.75,3.0
2020-05-29 10:35:00,2205.10009765625,2208.75,2205.10009765625,2208.75,22.0
2020-05-29 10:40:00,2208.75,2208.75,2204.89990234375,2204.89990234375,43.0
2020-05-29 10:45:00,2204.89990234375,2204.89990234375,2204.89990234375,2204.89990234375,0.0
2020-05-29 10:50:00,2202.949951171875,2202.949951171875,2202.949951171875,2202.949951171875,2.0
2020-05-29 11:05:00,2204.89990234375,2204.89990234375,2204.89990234375,2204.89990234375,10.0
2020-05-29 11:10:00,2202.89990234375,2202.89990234375,2202.89990234375,2202.89990234375,8.0
2020-05-29 11:15:00,2203.0,2204.89990234375,2203.0,2204.89990234375,4.0
2020-05-29 11:20:00,2202.89990234375,2202.89990234375,2202.0,2202.0,29.0
2020-05-29 11:25:00,2202.0,2202.0,2202.0,2202.0,7.0
2020-05-29 11:30:00,2202.0,2202.0,2202.0,2202.0,15.0
2020-05-29 11:35:00,2202.0,2202.0,2202.0,2202.0,8.0
2020-05-29 11:40:00,2202.0,2202.0,2202.0,2202.0,24.0
2020-05-29 11:45:00,2201.550048828125,2202.0,2201.5,2202.0,17.0
2020-05-29 11:50:00,2201.39990234375,2202.0,2201.39990234375,2202.0,39.0
2020-05-29 12:00:00,2201.35009765625,2201.35009765625,2201.35009765625,2201.35009765625,0.0
2020-05-29 12:10:00,2202.0,2202.0,2202.0,2202.0,31.0
2020-05-29 12:15:00,2202.0,2202.0,2201.949951171875,2202.0,15.0
2020-05-29 12:20:00,2202.0,2202.0,2202.0,2202.0,7.0
2020-05-29 12:25:00,2202.0,2202.0,2202.0,2202.0,4.0
2020-05-29 12:30:00,2202.0,2202.0,2202.0,2202.0,3.0
2020-05-29 12:35:00,2202.0,2202.0,2202.0,2202.0,3.0
2020-05-29 12:40:00,2202.0,2210.0,2202.0,2210.0,41.0
2020-05-29 12:45:00,2207.050048828125,2207.050048828125,2207.050048828125,2207.050048828125,3.0
2020-05-29 12:50:00,2215.0,2215.14990234375,2207.5,2215.14990234375,8.0
2020-05-29 12:55:00,2217.75,2218.0,2210.14990234375,2218.0,18.0
2020-05-29 13:00:00,2218.0,2218.0,2218.0,2218.0,13.0
2020-05-29 13:05:00,2218.0,2218.0,2212.699951171875,2212.800048828125,19.0
2020-05-29 13:15:00,2216.949951171875,2216.949951171875,2216.949951171875,2216.949951171875,0.0
2020-05-29 13:20:00,2216.949951171875,2216.949951171875,2216.5,2216.5,2.0
2020-05-29 13:25:00,2216.5,2220.0,2216.5,2220.0,9.0
2020-05-29 13:30:00,2219.0,2220.0,2219.0,2220.0,12.0
2020-05-29 13:40:00,2219.0,2219.949951171875,2215.35009765625,2219.949951171875,7.0
2020-05-29 13:45:00,2220.0,2220.0,2220.0,2220.0,2.0
2020-05-29 13:50:00,2220.0,2220.0,2220.0,2220.0,6.0
2020-05-29 13:55:00,2220.0,2220.0,2215.39990234375,2220.0,4.0
2020-05-29 14:00:00,2220.0,2220.0,2219.949951171875,2219.949951171875,23.0
2020-05-29 14:05:00,2220.0,2220.0,2215.449951171875,2215.449951171875,1.0
2020-05-29 14:10:00,2219.949951171875,2220.0,2219.949951171875,2220.0,15.0
2020-05-29 14:15:00,2219.949951171875,2219.949951171875,2215.449951171875,2215.449951171875,8.0
2020-05-29 14:25:00,2220.0,2230.0,2220.0,2230.0,76.0
2020-05-29 14:30:00,2229.949951171875,2230.0,2229.949951171875,2230.0,8.0
2020-05-29 14:35:00,2230.0,2230.0,2225.75,2229.949951171875,10.0
2020-05-29 14:40:00,2225.949951171875,2229.89990234375,2225.949951171875,2229.89990234375,44.0
2020-05-29 14:45:00,2223.10009765625,2235.0,2223.10009765625,2228.050048828125,56.0
2020-05-29 14:50:00,2228.0,2228.0,2227.10009765625,2227.10009765625,15.0
2020-05-29 14:55:00,2228.0,2230.0,2227.10009765625,2230.0,12.0
2020-05-29 15:00:00,2229.949951171875,2235.64990234375,2229.949951171875,2235.64990234375,122.0
2020-05-29 15:05:00,2235.64990234375,2240.0,2235.64990234375,2240.0,185.0
2020-05-29 15:10:00,2239.949951171875,2249.0,2236.050048828125,2248.0,341.0
2020-05-29 15:15:00,2236.10009765625,2247.0,2233.5,2246.0,158.0
2020-05-29 15:20:00,2240.89990234375,2335.0,2240.89990234375,2333.949951171875,656.0
2020-05-29 15:25:00,2333.949951171875,2457.10009765625,2323.60009765625,2323.60009765625,1333.0
2020-06-01 09:15:00,2413.949951171875,2413.949951171875,2394.0,2394.0,0.0
2020-06-01 09:20:00,2394.300048828125,2394.300048828125,2370.550048828125,2389.60009765625,79.0
2020-06-01 09:25:00,2370.60009765625,2370.949951171875,2355.050048828125,2355.050048828125,101.0
2020-06-01 09:30:00,2354.300048828125,2354.300048828125,2339.10009765625,2344.949951171875,45.0
2020-06-01 09:35:00,2345.0,2351.0,2345.0,2351.0,36.0
2020-06-01 09:40:00,2345.5,2345.5,2345.5,2345.5,2.0
2020-06-01 09:45:00,2345.550048828125,2353.800048828125,2345.550048828125,2353.800048828125,5.0
2020-06-01 09:50:00,2350.10009765625,2351.0,2350.10009765625,2351.0,10.0
2020-06-01 09:55:00,2353.800048828125,2353.800048828125,2353.800048828125,2353.800048828125,0.0
2020-06-01 10:00:00,2353.800048828125,2353.800048828125,2351.0,2353.75,22.0
2020-06-01 10:05:00,2353.800048828125,2353.800048828125,2353.800048828125,2353.800048828125,6.0
2020-06-01 10:10:00,2351.0,2351.0,2351.0,2351.0,50.0
2020-06-01 10:15:00,2351.0,2352.050048828125,2351.0,2352.050048828125,1.0
2020-06-01 10:20:00,2354.10009765625,2354.10009765625,2351.0,2351.0,75.0
2020-06-01 10:25:00,2351.0,2351.0,2351.0,2351.0,0.0
2020-06-01 10:30:00,2351.0,2351.0,2351.0,2351.0,2.0
2020-06-01 10:35:00,2353.0,2353.0,2351.0,2351.0,56.0
2020-06-01 10:40:00,2353.0,2353.0,2353.0,2353.0,3.0
2020-06-01 10:45:00,2353.0,2353.0,2353.0,2353.0,0.0
2020-06-01 10:50:00,2351.0,2351.0,2351.0,2351.0,28.0
2020-06-01 10:55:00,2353.0,2353.0,2353.0,2353.0,49.0
2020-06-01 11:00:00,2353.0,2353.0,2351.0,2351.0,0.0
2020-06-01 11:05:00,2351.0,2351.0,2351.0,2351.0,20.0
2020-06-01 11:10:00,2356.39990234375,2356.39990234375,2355.39990234375,2355.39990234375,56.0
2020-06-01 11:15:00,2356.10009765625,2356.10009765625,2356.10009765625,2356.10009765625,1.0
2020-06-01 11:20:00,2356.10009765625,2410.0,2356.10009765625,2409.89990234375,224.0
2020-06-01 11:25:00,2384.35009765625,2409.75,2384.300048828125,2409.0,33.0
2020-06-01 11:30:00,2385.550048828125,2408.949951171875,2385.14990234375,2385.25,20.0
2020-06-01 11:35:00,2385.35009765625,2385.35009765625,2385.14990234375,2385.14990234375,14.0
2020-06-01 11:40:00,2383.39990234375,2385.199951171875,2374.800048828125,2374.800048828125,18.0
2020-06-01 11:45:00,2385.14990234375,2385.14990234375,2362.39990234375,2362.39990234375,13.0
2020-06-01 11:50:00,2356.800048828125,2362.800048828125,2356.199951171875,2362.800048828125,57.0
2020-06-01 11:55:00,2355.050048828125,2384.89990234375,2355.050048828125,2355.050048828125,20.0
2020-06-01 12:00:00,2383.85009765625,2383.85009765625,2361.300048828125,2361.300048828125,8.0
2020-06-01 12:05:00,2360.0,2372.89990234375,2355.0,2361.39990234375,49.0
2020-06-01 12:10:00,2355.0,2367.550048828125,2355.0,2360.10009765625,5.0
2020-06-01 12:15:00,2364.10009765625,2364.10009765625,2360.0,2360.0,19.0
2020-06-01 12:20:00,2360.0,2360.0,2360.0,2360.0,7.0
2020-06-01 12:25:00,2360.0,2360.0,2356.85009765625,2356.85009765625,29.0
2020-06-01 12:30:00,2355.0,2355.0,2355.0,2355.0,6.0
2020-06-01 12:35:00,2355.0,2355.050048828125,2355.0,2355.050048828125,20.0
2020-06-01 12:40:00,2358.75,2360.0,2355.050048828125,2355.050048828125,13.0
2020-06-01 12:45:00,2355.0,2359.85009765625,2351.0,2359.85009765625,139.0
2020-06-01 12:50:00,2351.050048828125,2351.050048828125,2322.0,2339.14990234375,126.0
2020-06-01 12:55:00,2323.0,2337.39990234375,2323.0,2337.39990234375,18.0
2020-06-01 13:00:00,2336.949951171875,2336.949951171875,2330.949951171875,2331.800048828125,4.0
2020-06-01 13:05:00,2332.050048828125,2338.35009765625,2330.0,2338.35009765625,11.0
2020-06-01 13:10:00,2327.0,2345.64990234375,2323.800048828125,2323.800048828125,39.0
2020-06-01 13:15:00,2322.10009765625,2337.39990234375,2322.10009765625,2322.300048828125,7.0
2020-06-01 13:20:00,2322.300048828125,2345.699951171875,2322.300048828125,2325.10009765625,57.0
2020-06-01 13:25:00,2330.550048828125,2338.0,2323.800048828125,2335.0,46.0
2020-06-01 13:30:00,2340.14990234375,2360.0,2340.14990234375,2357.550048828125,44.0
2020-06-01 13:35:00,2355.050048828125,2360.0,2355.050048828125,2360.0,40.0
2020-06-01 13:40:00,2360.050048828125,2360.050048828125,2337.0,2339.300048828125,64.0
2020-06-01 13:45:00,2335.0,2335.0,2327.14990234375,2335.0,33.0
2020-06-01 13:50:00,2325.25,2331.0,2325.0,2331.0,37.0
2020-06-01 13:55:00,2327.14990234375,2334.75,2325.10009765625,2327.550048828125,1.0
2020-06-01 14:00:00,2326.35009765625,2328.800048828125,2325.75,2327.0,9.0
2020-06-01 14:05:00,2327.0,2328.35009765625,2325.10009765625,2327.300048828125,12.0
2020-06-01 14:10:00,2325.10009765625,2326.199951171875,2325.10009765625,2325.64990234375,14.0
2020-06-01 14:15:00,2325.10009765625,2325.10009765625,2315.550048828125,2324.0,61.0
2020-06-01 14:20:00,2312.85009765625,2322.0,2310.050048828125,2322.0,22.0
2020-06-01 14:25:00,2320.050048828125,2326.25,2320.0,2321.0,81.0
2020-06-01 14:30:00,2321.050048828125,2321.10009765625,2321.050048828125,2321.10009765625,9.0
2020-06-01 14:35:00,2320.0,2320.85009765625,2315.550048828125,2320.85009765625,8.0
2020-06-01 14:40:00,2323.60009765625,2323.60009765625,2312.85009765625,2312.85009765625,9.0
2020-06-01 14:45:00,2312.85009765625,2322.949951171875,2310.10009765625,2322.949951171875,14.0
2020-06-01 14:50:00,2310.14990234375,2323.550048828125,2310.14990234375,2320.85009765625,29.0
2020-06-01 14:55:00,2316.85009765625,2316.85009765625,2312.050048828125,2313.14990234375,5.0
2020-06-01 15:00:00,2312.050048828125,2335.0,2312.050048828125,2319.89990234375,88.0
2020-06-01 15:05:00,2326.25,2327.199951171875,2310.050048828125,2315.550048828125,121.0
2020-06-01 15:10:00,2316.050048828125,2323.699951171875,2312.199951171875,2313.64990234375,69.0
2020-06-01 15:15:00,2317.0,2328.75,2317.0,2318.0,51.0
2020-06-01 15:20:00,2318.0,2331.800048828125,2315.949951171875,2315.949951171875,74.0
2020-06-01 15:25:00,2315.949951171875,2322.0,2315.0,2321.60009765625,30.0
2020-06-02 09:15:00,2320.0,2320.0,2290.0,2297.0,0.0
2020-06-02 09:20:00,2288.699951171875,2311.0,2280.050048828125,2311.0,88.0
2020-06-02 09:25:00,2285.89990234375,2309.949951171875,2285.89990234375,2290.14990234375,23.0
2020-06-02 09:30:00,2309.85009765625,2310.0,2309.85009765625,2310.0,21.0
2020-06-02 09:35:00,2308.85009765625,2308.85009765625,2300.0,2300.0,15.0
2020-06-02 09:40:00,2300.0,2308.449951171875,2291.449951171875,2308.449951171875,54.0
2020-06-02 09:45:00,2292.25,2335.0,2285.10009765625,2300.0,309.0
2020-06-02 09:50:00,2311.949951171875,2311.949951171875,2311.949951171875,2311.949951171875,6.0
2020-06-02 09:55:00,2306.39990234375,2317.050048828125,2303.0,2309.199951171875,22.0
2020-06-02 10:00:00,2305.75,2318.60009765625,2305.75,2317.75,4.0
2020-06-02 10:05:00,2322.0,2324.0,2306.0,2306.0,300.0
2020-06-02 10:10:00,2310.0,2310.0,2306.0,2310.0,0.0
2020-06-02 10:15:00,2327.949951171875,2327.949951171875,2310.0,2326.75,31.0
2020-06-02 10:20:00,2310.0,2310.0,2310.0,2310.0,43.0
2020-06-02 10:25:00,2310.0,2310.0,2310.0,2310.0,21.0
2020-06-02 10:30:00,2310.0,2310.0,2309.949951171875,2309.949951171875,0.0
2020-06-02 10:35:00,2310.0,2310.0,2300.949951171875,2300.949951171875,84.0
2020-06-02 10:40:00,2301.0,2321.0,2294.39990234375,2301.60009765625,160.0
2020-06-02 10:45:00,2300.949951171875,2301.0,2300.949951171875,2301.0,4.0
2020-06-02 10:50:00,2301.89990234375,2301.89990234375,2301.89990234375,2301.89990234375,9.0
2020-06-02 10:55:00,2295.0,2319.75,2295.0,2316.949951171875,88.0
2020-06-02 11:10:00,2303.10009765625,2314.800048828125,2303.10009765625,2314.800048828125,7.0
2020-06-02 11:15:00,2310.800048828125,2310.800048828125,2310.800048828125,2310.800048828125,6.0
2020-06-02 11:20:00,2303.10009765625,2303.10009765625,2303.10009765625,2303.10009765625,0.0
2020-06-02 11:25:00,2303.14990234375,2314.89990234375,2303.14990234375,2314.89990234375,36.0
2020-06-02 11:30:00,2305.75,2305.75,2305.75,2305.75,0.0
2020-06-02 11:35:00,2305.75,2305.75,2305.75,2305.75,2.0
2020-06-02 11:50:00,2314.25,2314.25,2314.25,2314.25,4.0
2020-06-02 11:55:00,2305.949951171875,2305.949951171875,2305.75,2305.75,5.0
2020-06-02 12:00:00,2305.75,2313.949951171875,2305.0,2313.949951171875,7.0
2020-06-02 12:05:00,2313.60009765625,2313.60009765625,2313.60009765625,2313.60009765625,1.0
2020-06-02 12:15:00,2313.39990234375,2313.39990234375,2305.050048828125,2305.050048828125,6.0
2020-06-02 12:20:00,2300.0,2300.0,2300.0,2300.0,34.0
2020-06-02 12:25:00,2309.75,2309.949951171875,2297.14990234375,2297.14990234375,34.0
2020-06-02 12:30:00,2289.949951171875,2305.60009765625,2289.949951171875,2305.60009765625,45.0
2020-06-02 12:35:00,2300.0,2308.449951171875,2295.800048828125,2300.0,100.0
2020-06-02 12:40:00,2307.35009765625,2311.300048828125,2307.35009765625,2311.300048828125,26.0
2020-06-02 12:45:00,2300.0,2311.300048828125,2300.0,2311.300048828125,13.0
2020-06-02 12:50:00,2289.949951171875,2290.0,2289.949951171875,2290.0,108.0
2020-06-02 12:55:00,2285.10009765625,2304.949951171875,2285.10009765625,2304.949951171875,50.0
2020-06-02 13:00:00,2291.85009765625,2291.85009765625,2291.85009765625,2291.85009765625,7.0
2020-06-02 13:05:00,2290.0,2290.0,2283.0,2284.39990234375,44.0
2020-06-02 13:10:00,2294.14990234375,2294.14990234375,2294.14990234375,2294.14990234375,2.0
2020-06-02 13:15:00,2289.949951171875,2290.0,2289.949951171875,2290.0,101.0
2020-06-02 13:20:00,2283.0,2290.0,2283.0,2290.0,15.0
2020-06-02 13:25:00,2290.0,2290.0,2289.89990234375,2289.89990234375,0.0
2020-06-02 13:30:00,2290.0,2290.0,2290.0,2290.0,112.0
2020-06-02 13:35:00,2290.0,2290.0,2290.0,2290.0,0.0
2020-06-02 13:40:00,2290.0,2290.0,2289.949951171875,2289.949951171875,17.0
2020-06-02 13:45:00,2289.949951171875,2289.949951171875,2283.5,2283.5,11.0
2020-06-02 13:50:00,2289.89990234375,2290.0,2289.89990234375,2290.0,84.0
2020-06-02 13:55:00,2289.949951171875,2289.949951171875,2289.949951171875,2289.949951171875,46.0
2020-06-02 14:00:00,2289.949951171875,2290.0,2289.949951171875,2290.0,164.0
2020-06-02 14:05:00,2290.0,2309.89990234375,2289.949951171875,2309.85009765625,610.0
2020-06-02 14:10:00,2309.85009765625,2322.25,2308.050048828125,2318.0,334.0
2020-06-02 14:15:00,2317.0,2317.0,2303.050048828125,2303.050048828125,23.0
2020-06-02 14:20:00,2300.0,2300.0,2299.949951171875,2299.949951171875,13.0
2020-06-02 14:25:00,2298.10009765625,2299.550048828125,2298.10009765625,2299.300048828125,4.0
2020-06-02 14:30:00,2294.050048828125,2297.0,2290.0,2290.0,68.0
2020-06-02 14:35:00,2290.0,2290.0,2290.0,2290.0,10.0
2020-06-02 14:40:00,2289.949951171875,2289.949951171875,2285.199951171875,2285.199951171875,0.0
2020-06-02 14:45:00,2291.35009765625,2291.35009765625,2290.0,2290.0,51.0
2020-06-02 14:50:00,2289.949951171875,2289.949951171875,2289.949951171875,2289.949951171875,0.0
2020-06-02 14:55:00,2289.89990234375,2289.89990234375,2289.89990234375,2289.89990234375,6.0
2020-06-02 15:00:00,2285.300048828125,2289.0,2280.0,2280.0,102.0
2020-06-02 15:05:00,2277.0,2277.0,2269.0,2276.39990234375,126.0
2020-06-02 15:10:00,2276.39990234375,2276.949951171875,2274.10009765625,2274.10009765625,8.0
2020-06-02 15:15:00,2265.0,2277.89990234375,2259.0,2262.050048828125,316.0
2020-06-02 15:20:00,2273.949951171875,2300.0,2259.0,2261.10009765625,170.0
2020-06-02 15:25:00,2267.89990234375,2278.800048828125,2262.0,2276.300048828125,46.0
2020-06-03 09:15:00,2287.699951171875,2325.0,2287.699951171875,2296.050048828125,0.0
2020-06-03 09:20:00,2297.89990234375,2302.0,2296.0,2302.0,31.0
2020-06-03 09:25:00,2302.0,2302.0,2286.050048828125,2286.050048828125,47.0
2020-06-03 09:30:00,2292.050048828125,2293.050048828125,2286.0,2286.0,37.0
2020-06-03 09:35:00,2285.050048828125,2285.050048828125,2266.0,2268.64990234375,123.0
2020-06-03 09:40:00,2268.64990234375,2268.64990234375,2262.199951171875,2262.199951171875,16.0
2020-06-03 09:45:00,2270.0,2270.0,2269.949951171875,2269.949951171875,25.0
2020-06-03 09:50:00,2269.949951171875,2270.0,2263.300048828125,2269.949951171875,21.0
2020-06-03 09:55:00,2266.0,2266.0,2266.0,2266.0,4.0
2020-06-03 10:00:00,2266.0,2271.25,2266.0,2271.25,55.0
2020-06-03 10:05:00,2271.25,2271.25,2271.25,2271.25,1.0
2020-06-03 10:10:00,2271.25,2271.25,2271.25,2271.25,4.0
2020-06-03 10:15:00,2271.25,2271.25,2263.0,2271.25,38.0
2020-06-03 10:20:00,2271.25,2271.25,2271.25,2271.25,19.0
2020-06-03 10:30:00,2282.800048828125,2289.35009765625,2282.800048828125,2289.35009765625,85.0
2020-06-03 10:35:00,2280.75,2289.35009765625,2280.75,2289.35009765625,0.0
2020-06-03 10:45:00,2281.0,2281.0,2281.0,2281.0,7.0
2020-06-03 10:50:00,2281.300048828125,2285.60009765625,2281.300048828125,2285.60009765625,2.0
2020-06-03 10:55:00,2288.5,2288.5,2280.0,2287.699951171875,9.0
2020-06-03 11:00:00,2286.949951171875,2286.949951171875,2280.050048828125,2280.050048828125,2.0
2020-06-03 11:05:00,2280.050048828125,2280.050048828125,2280.050048828125,2280.050048828125,2.0
2020-06-03 11:10:00,2280.0,2280.0,2277.199951171875,2279.14990234375,58.0
2020-06-03 11:15:00,2275.0,2275.0,2275.0,2275.0,0.0
2020-06-03 11:20:00,2271.0,2271.0,2271.0,2271.0,8.0
2020-06-03 11:25:00,2274.050048828125,2274.050048828125,2266.10009765625,2271.0,444.0
2020-06-03 11:30:00,2277.949951171875,2277.949951171875,2277.949951171875,2277.949951171875,342.0
2020-06-03 11:50:00,2289.050048828125,2295.0,2289.050048828125,2295.0,25.0
2020-06-03 11:55:00,2295.0,2295.0,2292.0,2292.64990234375,17.0
2020-06-03 12:00:00,2285.050048828125,2290.0,2285.050048828125,2290.0,54.0
2020-06-03 12:05:00,2290.0,2290.0,2284.050048828125,2284.050048828125,15.0
2020-06-03 12:20:00,2285.75,2285.75,2285.699951171875,2285.699951171875,6.0
2020-06-03 12:30:00,2285.699951171875,2299.949951171875,2285.699951171875,2299.949951171875,507.0
2020-06-03 12:35:00,2302.0,2318.85009765625,2302.0,2310.10009765625,233.0
2020-06-03 12:40:00,2310.0,2313.949951171875,2300.550048828125,2310.050048828125,59.0
2020-06-03 12:45:00,2310.0,2310.0,2301.0,2301.0,67.0
2020-06-03 12:50:00,2301.0,2319.800048828125,2301.0,2301.050048828125,174.0
2020-06-03 12:55:00,2314.449951171875,2314.449951171875,2314.449951171875,2314.449951171875,0.0
2020-06-03 13:00:00,2271.60009765625,2301.0,2271.60009765625,2301.0,168.0
2020-06-03 13:05:00,2303.199951171875,2303.199951171875,2303.199951171875,2303.199951171875,5.0
2020-06-03 13:10:00,2319.699951171875,2319.699951171875,2319.699951171875,2319.699951171875,232.0
2020-06-03 13:15:00,2316.949951171875,2316.949951171875,2302.25,2304.550048828125,0.0
2020-06-03 13:25:00,2307.60009765625,2307.60009765625,2307.60009765625,2307.60009765625,4.0
2020-06-03 13:30:00,2309.14990234375,2309.14990234375,2303.0,2303.0,10.0
2020-06-03 13:35:00,2303.050048828125,2320.0,2303.050048828125,2320.0,54.0
2020-06-03 13:40:00,2319.449951171875,2319.449951171875,2319.449951171875,2319.449951171875,28.0
2020-06-03 13:45:00,2317.949951171875,2319.949951171875,2303.14990234375,2303.14990234375,30.0
2020-06-03 13:50:00,2300.0,2318.0,2291.0,2318.0,401.0
2020-06-03 13:55:00,2319.800048828125,2320.0,2318.050048828125,2318.050048828125,33.0
2020-06-03 14:00:00,2318.0,2351.0,2314.199951171875,2351.0,1017.0
2020-06-03 14:05:00,2351.25,2370.0,2346.0,2350.0,670.0
2020-06-03 14:10:00,2350.0,2350.0,2346.5,2348.949951171875,0.0
2020-06-03 14:15:00,2343.0,2350.0,2343.0,2345.25,114.0
2020-06-03 14:20:00,2340.050048828125,2340.050048828125,2331.35009765625,2331.39990234375,16.0
2020-06-03 14:25:00,2333.050048828125,2333.050048828125,2326.14990234375,2331.64990234375,86.0
2020-06-03 14:30:00,2325.0,2330.949951171875,2325.0,2325.050048828125,34.0
2020-06-03 14:35:00,2325.050048828125,2331.39990234375,2325.050048828125,2331.39990234375,75.0
2020-06-03 14:40:00,2330.10009765625,2330.10009765625,2330.050048828125,2330.050048828125,30.0
2020-06-03 14:45:00,2330.050048828125,2330.050048828125,2330.0,2330.0,73.0
2020-06-03 14:50:00,2330.0,2336.0,2330.0,2336.0,32.0
2020-06-03 14:55:00,2336.0,2339.949951171875,2330.10009765625,2330.10009765625,38.0
2020-06-03 15:00:00,2330.0,2331.14990234375,2330.0,2331.14990234375,20.0
2020-06-03 15:05:00,2331.0,2331.0,2330.0,2330.0,533.0
2020-06-03 15:10:00,2311.39990234375,2318.89990234375,2291.10009765625,2291.199951171875,59.0
2020-06-03 15:15:00,2291.550048828125,2313.89990234375,2280.050048828125,2313.89990234375,422.0
2020-06-03 15:20:00,2291.050048828125,2291.050048828125,2286.10009765625,2286.60009765625,72.0
2020-06-03 15:25:00,2286.60009765625,2309.0,2286.60009765625,2306.199951171875,165.0
2020-06-04 09:15:00,2317.75,2320.0,2317.75,2318.0,0.0
2020-06-04 09:20:00,2306.199951171875,2310.0,2286.10009765625,2286.10009765625,66.0
2020-06-04 09:25:00,2286.10009765625,2308.0,2286.10009765625,2308.0,53.0
2020-06-04 09:30:00,2290.050048828125,2293.85009765625,2290.050048828125,2293.85009765625,17.0
2020-06-04 09:35:00,2294.0,2298.0,2290.050048828125,2294.0,33.0
2020-06-04 09:40:00,2290.10009765625,2294.0,2290.10009765625,2294.0,5.0
2020-06-04 09:50:00,2299.64990234375,2307.0,2299.64990234375,2307.0,6.0
2020-06-04 09:55:00,2309.0,2309.0,2290.0,2307.89990234375,67.0
2020-06-04 10:00:00,2290.0,2306.949951171875,2290.0,2306.949951171875,37.0
2020-06-04 10:05:00,2288.14990234375,2288.14990234375,2288.14990234375,2288.14990234375,12.0
2020-06-04 10:10:00,2305.0,2305.0,2304.949951171875,2304.949951171875,198.0
2020-06-04 10:15:00,2304.949951171875,2304.949951171875,2304.949951171875,2304.949951171875,0.0
2020-06-04 10:20:00,2295.25,2295.25,2295.25,2295.25,9.0
2020-06-04 10:25:00,2304.949951171875,2304.949951171875,2304.89990234375,2304.89990234375,6.0
2020-06-04 10:30:00,2304.949951171875,2304.949951171875,2304.949951171875,2304.949951171875,9.0
2020-06-04 10:35:00,2295.550048828125,2295.550048828125,2295.550048828125,2295.550048828125,2.0
2020-06-04 10:40:00,2304.800048828125,2304.800048828125,2304.800048828125,2304.800048828125,1.0
2020-06-04 10:45:00,2295.550048828125,2304.949951171875,2295.550048828125,2304.949951171875,21.0
2020-06-04 10:50:00,2304.949951171875,2304.949951171875,2304.949951171875,2304.949951171875,13.0
2020-06-04 11:00:00,2300.10009765625,2304.89990234375,2296.050048828125,2304.89990234375,46.0
2020-06-04 11:05:00,2302.5,2304.89990234375,2296.10009765625,2304.89990234375,0.0
2020-06-04 11:15:00,2295.0,2295.449951171875,2295.0,2295.449951171875,100.0
2020-06-04 11:20:00,2304.89990234375,2304.89990234375,2304.699951171875,2304.699951171875,4.0
2020-06-04 11:25:00,2304.699951171875,2304.85009765625,2296.14990234375,2304.85009765625,7.0
2020-06-04 11:30:00,2304.75,2304.85009765625,2304.64990234375,2304.85009765625,15.0
2020-06-04 11:35:00,2304.85009765625,2304.949951171875,2304.85009765625,2304.89990234375,30.0
2020-06-04 11:40:00,2304.89990234375,2304.89990234375,2295.25,2302.949951171875,43.0
2020-06-04 11:45:00,2304.64990234375,2304.64990234375,2301.39990234375,2301.39990234375,9.0
2020-06-04 11:50:00,2301.300048828125,2304.699951171875,2301.300048828125,2304.699951171875,12.0
2020-06-04 11:55:00,2304.64990234375,2304.699951171875,2295.0,2304.64990234375,8.0
2020-06-04 12:00:00,2304.64990234375,2304.699951171875,2299.949951171875,2299.949951171875,53.0
2020-06-04 12:05:00,2299.949951171875,2300.0,2299.949951171875,2300.0,46.0
2020-06-04 12:10:00,2304.699951171875,2304.699951171875,2300.050048828125,2300.050048828125,0.0
2020-06-04 12:15:00,2304.64990234375,2304.699951171875,2304.0,2304.64990234375,7.0
2020-06-04 12:20:00,2300.050048828125,2304.64990234375,2300.0,2304.550048828125,20.0
2020-06-04 12:25:00,2304.550048828125,2304.550048828125,2300.0,2300.0,30.0
2020-06-04 12:30:00,2304.0,2304.0,2296.89990234375,2303.949951171875,18.0
2020-06-04 12:35:00,2303.85009765625,2304.550048828125,2295.14990234375,2303.39990234375,160.0
2020-06-04 12:40:00,2303.75,2303.89990234375,2302.39990234375,2303.89990234375,17.0
2020-06-04 12:45:00,2295.14990234375,2302.5,2292.0,2299.949951171875,62.0
2020-06-04 12:50:00,2292.75,2303.89990234375,2292.75,2302.949951171875,553.0
2020-06-04 12:55:00,2302.89990234375,2302.89990234375,2300.0,2302.0,15.0
2020-06-04 13:00:00,2302.0,2319.0,2288.14990234375,2319.0,182.0
2020-06-04 13:05:00,2319.0,2319.0,2307.699951171875,2309.64990234375,37.0
2020-06-04 13:10:00,2309.64990234375,2312.0,2309.550048828125,2312.0,6.0
2020-06-04 13:15:00,2313.699951171875,2313.699951171875,2305.25,2313.699951171875,6.0
2020-06-04 13:20:00,2313.60009765625,2315.0,2305.10009765625,2315.0,21.0
2020-06-04 13:25:00,2317.0,2324.89990234375,2311.35009765625,2320.949951171875,47.0
2020-06-04 13:30:00,2320.949951171875,2322.0,2320.89990234375,2322.0,79.0
2020-06-04 13:35:00,2324.64990234375,2324.699951171875,2324.64990234375,2324.699951171875,106.0
2020-06-04 13:40:00,2324.699951171875,2324.699951171875,2321.89990234375,2321.89990234375,9.0
2020-06-04 13:45:00,2322.5,2322.85009765625,2319.89990234375,2319.89990234375,10.0
2020-06-04 13:50:00,2319.89990234375,2319.89990234375,2318.699951171875,2318.699951171875,6.0
2020-06-04 13:55:00,2319.0,2319.0,2319.0,2319.0,20.0
2020-06-04 14:00:00,2319.0,2319.0,2307.0,2307.0,34.0
2020-06-04 14:05:00,2305.0,2305.0,2301.10009765625,2303.949951171875,19.0
2020-06-04 14:10:00,2303.949951171875,2304.0,2300.14990234375,2303.89990234375,25.0
2020-06-04 14:15:00,2304.85009765625,2304.89990234375,2304.85009765625,2304.89990234375,5.0
2020-06-04 14:20:00,2304.89990234375,2305.0,2304.89990234375,2305.0,5.0
2020-06-04 14:25:00,2305.0,2308.300048828125,2305.0,2308.300048828125,5.0
2020-06-04 14:30:00,2307.949951171875,2317.050048828125,2307.949951171875,2317.050048828125,20.0
2020-06-04 14:35:00,2317.050048828125,2319.0,2308.449951171875,2308.449951171875,14.0
2020-06-04 14:40:00,2313.949951171875,2317.5,2313.949951171875,2317.5,59.0
2020-06-04 14:45:00,2316.949951171875,2316.949951171875,2315.949951171875,2316.0,6.0
2020-06-04 14:50:00,2316.85009765625,2316.85009765625,2305.550048828125,2310.0,15.0
2020-06-04 14:55:00,2310.0,2310.0,2301.0,2309.949951171875,55.0
2020-06-04 15:00:00,2304.39990234375,2304.550048828125,2304.39990234375,2304.550048828125,19.0
2020-06-04 15:05:00,2300.14990234375,2308.0,2300.14990234375,2308.0,72.0
2020-06-04 15:10:00,2308.10009765625,2308.10009765625,2302.64990234375,2303.10009765625,16.0
2020-06-04 15:15:00,2303.10009765625,2304.949951171875,2300.14990234375,2303.949951171875,100.0
2020-06-04 15:20:00,2301.199951171875,2306.0,2300.300048828125,2305.949951171875,105.0
2020-06-04 15:25:00,2303.949951171875,2306.0,2303.199951171875,2303.199951171875,125.0
2020-06-05 09:15:00,2314.75,2314.75,2305.699951171875,2305.699951171875,0.0
2020-06-05 09:20:00,2303.300048828125,2306.0,2303.199951171875,2306.0,12.0
2020-06-05 09:25:00,2300.050048828125,2314.14990234375,2300.0,2301.050048828125,25.0
2020-06-05 09:35:00,2302.0,2302.35009765625,2302.0,2302.300048828125,51.0
2020-06-05 09:40:00,2311.25,2313.89990234375,2311.14990234375,2313.89990234375,7.0
2020-06-05 09:45:00,2305.699951171875,2305.699951171875,2302.300048828125,2302.300048828125,108.0
2020-06-05 09:50:00,2302.300048828125,2308.39990234375,2302.300048828125,2308.39990234375,0.0
2020-06-05 09:55:00,2308.0,2314.75,2304.10009765625,2314.050048828125,202.0
2020-06-05 10:00:00,2318.949951171875,2318.949951171875,2318.949951171875,2318.949951171875,6.0
2020-06-05 10:05:00,2318.89990234375,2318.949951171875,2314.300048828125,2314.300048828125,4.0
2020-06-05 10:10:00,2314.0,2314.0,2303.199951171875,2303.199951171875,113.0
2020-06-05 10:25:00,2305.75,2305.75,2305.75,2305.75,8.0
2020-06-05 10:30:00,2311.25,2311.25,2311.25,2311.25,0.0
2020-06-05 10:35:00,2311.300048828125,2334.699951171875,2311.300048828125,2330.10009765625,277.0
2020-06-05 10:40:00,2335.64990234375,2341.949951171875,2330.89990234375,2333.0,134.0
2020-06-05 10:45:00,2330.0,2333.0,2301.050048828125,2326.949951171875,429.0
2020-06-05 10:50:00,2320.0,2327.89990234375,2320.0,2327.89990234375,59.0
2020-06-05 10:55:00,2320.0,2329.800048828125,2319.89990234375,2329.800048828125,71.0
2020-06-05 11:00:00,2320.0,2320.0,2320.0,2320.0,0.0
2020-06-05 11:05:00,2320.0,2320.0,2320.0,2320.0,6.0
2020-06-05 11:10:00,2320.0,2322.949951171875,2313.10009765625,2313.10009765625,18.0
2020-06-05 11:15:00,2323.85009765625,2323.85009765625,2323.85009765625,2323.85009765625,9.0
2020-06-05 11:20:00,2322.800048828125,2322.89990234375,2322.800048828125,2322.89990234375,22.0
2020-06-05 11:30:00,2322.0,2322.0,2322.0,2322.0,0.0
2020-06-05 11:40:00,2322.0,2322.0,2322.0,2322.0,7.0
2020-06-05 11:45:00,2320.0,2320.0,2305.10009765625,2305.10009765625,61.0
2020-06-05 11:50:00,2305.0,2310.0,2304.300048828125,2310.0,0.0
2020-06-05 11:55:00,2324.0,2324.0,2305.199951171875,2305.199951171875,136.0
2020-06-05 12:00:00,2316.39990234375,2316.39990234375,2316.39990234375,2316.39990234375,5.0
2020-06-05 12:05:00,2305.39990234375,2314.0,2305.39990234375,2314.0,32.0
2020-06-05 12:10:00,2314.0,2316.949951171875,2314.0,2316.949951171875,10.0
2020-06-05 12:15:00,2315.050048828125,2315.050048828125,2306.199951171875,2310.85009765625,75.0
2020-06-05 12:20:00,2307.050048828125,2311.0,2307.050048828125,2311.0,11.0
2020-06-05 12:25:00,2306.449951171875,2311.0,2306.449951171875,2306.5,77.0
2020-06-05 12:35:00,2311.0,2311.0,2311.0,2311.0,0.0
2020-06-05 12:40:00,2306.699951171875,2311.0,2306.699951171875,2311.0,8.0
2020-06-05 12:45:00,2319.89990234375,2319.89990234375,2303.5,2303.5,94.0
2020-06-05 12:55:00,2310.0,2310.0,2310.0,2310.0,8.0
2020-06-05 13:05:00,2310.0,2315.0,2298.0,2300.0,126.0
2020-06-05 13:10:00,2300.0,2305.0,2300.0,2304.0,18.0
2020-06-05 13:15:00,2300.14990234375,2300.14990234375,2300.14990234375,2300.14990234375,1.0
2020-06-05 13:20:00,2304.85009765625,2304.85009765625,2304.85009765625,2304.85009765625,6.0
2020-06-05 13:25:00,2304.85009765625,2305.0,2300.10009765625,2305.0,96.0
2020-06-05 13:30:00,2305.0,2305.0,2305.0,2305.0,21.0
2020-06-05 13:35:00,2300.10009765625,2305.0,2300.10009765625,2305.0,63.0
2020-06-05 13:40:00,2305.0,2306.050048828125,2305.0,2306.050048828125,0.0
2020-06-05 13:45:00,2309.85009765625,2309.85009765625,2309.85009765625,2309.85009765625,0.0
2020-06-05 13:50:00,2306.050048828125,2306.050048828125,2306.050048828125,2306.050048828125,1.0
2020-06-05 13:55:00,2306.050048828125,2306.050048828125,2300.199951171875,2300.199951171875,51.0
2020-06-05 14:00:00,2306.949951171875,2307.0,2306.949951171875,2307.0,5.0
2020-06-05 14:05:00,2302.449951171875,2302.449951171875,2302.449951171875,2302.449951171875,0.0
2020-06-05 14:20:00,2303.5,2303.5,2303.5,2303.5,2.0
2020-06-05 14:25:00,2303.0,2303.0,2303.0,2303.0,52.0
2020-06-05 14:30:00,2302.449951171875,2302.449951171875,2302.0,2302.0,25.0
2020-06-05 14:35:00,2302.0,2302.0,2300.10009765625,2300.550048828125,174.0
2020-06-05 14:40:00,2300.449951171875,2300.449951171875,2300.10009765625,2300.10009765625,28.0
2020-06-05 14:45:00,2300.10009765625,2302.0,2300.0,2300.0,63.0
2020-06-05 14:50:00,2300.0,2303.0,2300.0,2300.0,62.0
2020-06-05 14:55:00,2302.949951171875,2302.949951171875,2294.35009765625,2300.0,99.0
2020-06-05 15:00:00,2303.0,2303.0,2300.0,2303.0,24.0
2020-06-05 15:05:00,2290.0,2303.0,2290.0,2303.0,179.0
2020-06-05 15:10:00,2303.0,2303.0,2295.0,2295.050048828125,94.0
2020-06-05 15:15:00,2295.300048828125,2295.300048828125,2295.300048828125,2295.300048828125,0.0
2020-06-05 15:20:00,2299.89990234375,2302.89990234375,2299.89990234375,2300.050048828125,42.0
2020-06-05 15:25:00,2302.85009765625,2302.85009765625,2295.449951171875,2298.35009765625,124.0
2020-06-08 09:15:00,2345.0,2345.0,2310.14990234375,2315.0,0.0
2020-06-08 09:20:00,2316.35009765625,2319.199951171875,2316.35009765625,2319.14990234375,21.0
2020-06-08 09:25:00,2315.0,2318.050048828125,2315.0,2315.0,112.0
2020-06-08 09:30:00,2318.050048828125,2318.050048828125,2315.0,2315.0,61.0
2020-06-08 09:35:00,2310.050048828125,2310.050048828125,2305.800048828125,2305.800048828125,13.0
2020-06-08 09:40:00,2305.800048828125,2307.0,2305.800048828125,2307.0,59.0
2020-06-08 09:45:00,2307.0,2310.949951171875,2306.0,2310.949951171875,15.0
2020-06-08 09:50:00,2310.949951171875,2311.0,2310.949951171875,2311.0,5.0
2020-06-08 10:00:00,2310.75,2310.75,2310.0,2310.0,4.0
2020-06-08 10:05:00,2306.0,2306.050048828125,2305.10009765625,2306.050048828125,22.0
2020-06-08 10:10:00,2306.050048828125,2310.0,2306.050048828125,2310.0,33.0
2020-06-08 10:15:00,2310.0,2310.0,2310.0,2310.0,4.0
2020-06-08 10:20:00,2310.10009765625,2310.10009765625,2310.10009765625,2310.10009765625,3.0
2020-06-08 10:25:00,2311.14990234375,2312.050048828125,2311.14990234375,2312.050048828125,48.0
2020-06-08 10:30:00,2312.050048828125,2312.050048828125,2312.050048828125,2312.050048828125,2.0
2020-06-08 10:35:00,2320.0,2322.14990234375,2312.050048828125,2322.14990234375,66.0
2020-06-08 10:40:00,2312.10009765625,2327.35009765625,2312.10009765625,2327.25,75.0
2020-06-08 10:50:00,2305.0,2320.0,2305.0,2320.0,121.0
2020-06-08 10:55:00,2314.0,2314.0,2308.550048828125,2308.550048828125,1.0
2020-06-08 11:00:00,2311.0,2311.0,2305.0,2305.0,19.0
2020-06-08 11:05:00,2327.0,2327.0,2319.0,2319.0,105.0
2020-06-08 11:15:00,2311.5,2311.5,2311.5,2311.5,0.0
2020-06-08 11:25:00,2315.949951171875,2315.949951171875,2315.949951171875,2315.949951171875,14.0
2020-06-08 11:35:00,2311.0,2311.0,2305.0,2305.0,50.0
2020-06-08 11:40:00,2305.0,2310.449951171875,2303.449951171875,2303.449951171875,26.0
2020-06-08 11:45:00,2305.050048828125,2305.050048828125,2305.050048828125,2305.050048828125,8.0
2020-06-08 11:50:00,2303.449951171875,2304.39990234375,2303.449951171875,2304.39990234375,2.0
2020-06-08 11:55:00,2300.14990234375,2303.949951171875,2300.10009765625,2303.75,68.0
2020-06-08 12:00:00,2300.0,2300.0,2290.0,2290.10009765625,77.0
2020-06-08 12:05:00,2290.10009765625,2290.5,2289.0,2290.5,40.0
2020-06-08 12:10:00,2294.550048828125,2300.35009765625,2294.550048828125,2300.050048828125,3.0
2020-06-08 12:15:00,2300.050048828125,2300.10009765625,2300.050048828125,2300.10009765625,2.0
2020-06-08 12:20:00,2304.449951171875,2304.449951171875,2302.949951171875,2302.949951171875,11.0
2020-06-08 12:25:00,2300.10009765625,2300.10009765625,2300.0,2300.0,20.0
2020-06-08 12:30:00,2300.0,2301.0,2300.0,2300.0,45.0
2020-06-08 12:35:00,2293.10009765625,2293.10009765625,2293.10009765625,2293.10009765625,1.0
2020-06-08 12:40:00,2293.300048828125,2299.60009765625,2293.300048828125,2299.60009765625,14.0
2020-06-08 12:45:00,2299.64990234375,2299.64990234375,2293.449951171875,2295.050048828125,33.0
2020-06-08 12:50:00,2293.35009765625,2293.35009765625,2292.449951171875,2292.449951171875,18.0
2020-06-08 12:55:00,2290.10009765625,2290.10009765625,2290.10009765625,2290.10009765625,0.0
2020-06-08 13:00:00,2290.10009765625,2290.10009765625,2281.60009765625,2290.0,106.0
2020-06-08 13:05:00,2281.0,2291.949951171875,2281.0,2291.949951171875,103.0
2020-06-08 13:10:00,2282.0,2282.0,2282.0,2282.0,2.0
2020-06-08 13:20:00,2292.0,2292.0,2284.25,2284.25,29.0
2020-06-08 13:25:00,2288.949951171875,2288.949951171875,2288.949951171875,2288.949951171875,1.0
2020-06-08 13:30:00,2288.949951171875,2288.949951171875,2282.0,2282.0,29.0
2020-06-08 13:40:00,2289.0,2289.0,2289.0,2289.0,28.0
2020-06-08 13:45:00,2288.949951171875,2288.949951171875,2288.949951171875,2288.949951171875,0.0
2020-06-08 13:50:00,2289.050048828125,2289.10009765625,2289.050048828125,2289.10009765625,26.0
2020-06-08 13:55:00,2289.0,2289.0,2289.0,2289.0,1.0
2020-06-08 14:00:00,2289.199951171875,2289.199951171875,2289.199951171875,2289.199951171875,41.0
2020-06-08 14:05:00,2290.0,2290.0,2289.0,2290.0,192.0
2020-06-08 14:10:00,2290.0,2290.0,2290.0,2290.0,0.0
2020-06-08 14:15:00,2286.0,2286.0,2286.0,2286.0,2.0
2020-06-08 14:20:00,2285.60009765625,2286.050048828125,2285.60009765625,2285.60009765625,10.0
2020-06-08 14:25:00,2285.60009765625,2285.60009765625,2285.60009765625,2285.60009765625,23.0
2020-06-08 14:30:00,2285.60009765625,2286.0,2285.60009765625,2286.0,56.0
2020-06-08 14:35:00,2286.0,2286.0,2275.0,2277.050048828125,230.0
2020-06-08 14:40:00,2271.0,2276.050048828125,2271.0,2276.050048828125,7.0
2020-06-08 14:45:00,2270.14990234375,2275.0,2265.35009765625,2275.0,71.0
2020-06-08 14:50:00,2265.35009765625,2272.60009765625,2265.35009765625,2272.60009765625,83.0
2020-06-08 14:55:00,2271.949951171875,2271.949951171875,2271.949951171875,2271.949951171875,3.0
2020-06-08 15:00:00,2271.89990234375,2271.89990234375,2270.0,2270.0,20.0
2020-06-08 15:05:00,2270.0,2270.0,2270.0,2270.0,0.0
2020-06-08 15:10:00,2269.89990234375,2269.89990234375,2265.10009765625,2265.10009765625,88.0
2020-06-08 15:15:00,2265.300048828125,2265.300048828125,2265.0,2265.0,43.0
2020-06-08 15:20:00,2265.199951171875,2278.949951171875,2260.10009765625,2278.949951171875,445.0
2020-06-08 15:25:00,2272.0,2275.0,2266.89990234375,2266.89990234375,124.0
2020-06-09 09:15:00,2266.89990234375,2299.699951171875,2255.300048828125,2296.949951171875,0.0
2020-06-09 09:20:00,2268.449951171875,2289.0,2268.449951171875,2289.0,22.0
2020-06-09 09:25:00,2288.0,2290.0,2278.25,2290.0,42.0
2020-06-09 09:30:00,2290.0,2290.0,2290.0,2290.0,13.0
2020-06-09 09:35:00,2280.300048828125,2286.60009765625,2280.10009765625,2286.60009765625,7.0
2020-06-09 09:40:00,2286.0,2286.0,2286.0,2286.0,10.0
2020-06-09 09:45:00,2280.0,2280.0,2278.0,2278.0,4.0
2020-06-09 09:55:00,2285.0,2285.0,2285.0,2285.0,14.0
2020-06-09 10:00:00,2284.75,2284.800048828125,2284.75,2284.800048828125,1.0
2020-06-09 10:05:00,2284.800048828125,2284.800048828125,2284.800048828125,2284.800048828125,2.0
2020-06-09 10:10:00,2284.25,2284.800048828125,2284.0,2284.800048828125,36.0
2020-06-09 10:15:00,2292.199951171875,2292.199951171875,2290.0,2290.0,133.0
2020-06-09 10:20:00,2280.0,2280.0,2280.0,2280.0,24.0
2020-06-09 10:25:00,2280.0,2280.0,2280.0,2280.0,31.0
2020-06-09 10:30:00,2277.0,2280.0,2277.0,2280.0,15.0
2020-06-09 10:35:00,2280.0,2280.0,2280.0,2280.0,4.0
2020-06-09 10:40:00,2280.0,2280.0,2280.0,2280.0,2.0
2020-06-09 10:45:00,2280.0,2280.0,2280.0,2280.0,0.0
2020-06-09 10:50:00,2280.0,2280.0,2280.0,2280.0,14.0
2020-06-09 10:55:00,2280.0,2280.0,2280.0,2280.0,2.0
2020-06-09 11:00:00,2280.0,2280.0,2280.0,2280.0,7.0
2020-06-09 11:05:00,2290.0,2297.5,2290.0,2297.5,41.0
2020-06-09 11:10:00,2294.10009765625,2299.85009765625,2293.050048828125,2293.050048828125,11.0
2020-06-09 11:15:00,2292.0,2296.800048828125,2287.0,2296.800048828125,18.0
2020-06-09 11:25:00,2296.800048828125,2296.800048828125,2296.800048828125,2296.800048828125,7.0
2020-06-09 11:30:00,2293.699951171875,2293.699951171875,2293.699951171875,2293.699951171875,2.0
2020-06-09 11:35:00,2298.949951171875,2298.949951171875,2298.949951171875,2298.949951171875,20.0
2020-06-09 11:45:00,2297.89990234375,2297.89990234375,2297.89990234375,2297.89990234375,4.0
2020-06-09 11:55:00,2295.35009765625,2295.35009765625,2295.35009765625,2295.35009765625,16.0
2020-06-09 12:00:00,2287.10009765625,2287.10009765625,2287.10009765625,2287.10009765625,0.0
2020-06-09 12:10:00,2293.949951171875,2293.949951171875,2293.949951171875,2293.949951171875,2.0
2020-06-09 12:15:00,2294.0,2294.0,2294.0,2294.0,1.0
2020-06-09 12:20:00,2295.39990234375,2295.39990234375,2279.050048828125,2279.050048828125,102.0
2020-06-09 12:25:00,2280.0,2280.0,2280.0,2280.0,0.0
2020-06-09 12:30:00,2277.050048828125,2277.050048828125,2277.0,2277.0,25.0
2020-06-09 12:35:00,2277.0,2280.0,2277.0,2280.0,7.0
2020-06-09 12:40:00,2275.0,2280.0,2275.0,2280.0,79.0
2020-06-09 12:45:00,2272.10009765625,2272.10009765625,2272.10009765625,2272.10009765625,0.0
2020-06-09 13:05:00,2279.949951171875,2279.949951171875,2279.949951171875,2279.949951171875,783.0
2020-06-09 13:15:00,2280.0,2280.0,2280.0,2280.0,12.0
2020-06-09 13:25:00,2284.949951171875,2284.949951171875,2284.949951171875,2284.949951171875,2.0
2020-06-09 13:30:00,2285.0,2285.0,2285.0,2285.0,1.0
2020-06-09 13:35:00,2276.39990234375,2276.39990234375,2276.39990234375,2276.39990234375,9.0
2020-06-09 13:40:00,2276.449951171875,2279.35009765625,2276.449951171875,2279.35009765625,3.0
2020-06-09 13:45:00,2280.0,2280.0,2276.300048828125,2276.300048828125,72.0
2020-06-09 13:50:00,2268.449951171875,2279.949951171875,2265.449951171875,2278.949951171875,342.0
2020-06-09 14:10:00,2263.0,2263.0,2257.0,2257.0,13.0
2020-06-09 14:15:00,2280.0,2280.0,2273.60009765625,2273.60009765625,50.0
2020-06-09 14:30:00,2265.85009765625,2276.300048828125,2260.550048828125,2263.14990234375,42.0
2020-06-09 14:35:00,2274.35009765625,2274.35009765625,2260.10009765625,2273.0,15.0
2020-06-09 14:40:00,2273.0,2274.949951171875,2273.0,2274.0,10.0
2020-06-09 14:45:00,2274.0,2278.89990234375,2274.0,2278.89990234375,11.0
2020-06-09 14:50:00,2278.89990234375,2280.0,2264.10009765625,2279.800048828125,20.0
2020-06-09 14:55:00,2278.949951171875,2279.0,2269.949951171875,2270.0,39.0
2020-06-09 15:00:00,2279.0,2279.0,2270.050048828125,2270.050048828125,63.0
2020-06-09 15:05:00,2277.35009765625,2278.64990234375,2276.050048828125,2278.39990234375,12.0
2020-06-09 15:10:00,2278.39990234375,2280.0,2278.39990234375,2280.0,148.0
2020-06-09 15:15:00,2285.0,2289.0,2285.0,2288.0,0.0
2020-06-09 15:20:00,2280.050048828125,2287.75,2280.0,2287.60009765625,39.0
2020-06-09 15:25:00,2287.60009765625,2287.800048828125,2281.800048828125,2281.800048828125,124.0
2020-06-10 09:15:00,2299.0,2299.0,2271.25,2280.0,0.0
2020-06-10 09:25:00,2280.0,2280.0,2279.949951171875,2280.0,294.0
2020-06-10 09:35:00,2283.10009765625,2283.10009765625,2283.10009765625,2283.10009765625,2.0
2020-06-10 09:45:00,2286.800048828125,2286.800048828125,2286.800048828125,2286.800048828125,0.0
2020-06-10 09:55:00,2282.14990234375,2282.14990234375,2282.14990234375,2282.14990234375,8.0
2020-06-10 10:00:00,2289.949951171875,2289.949951171875,2289.949951171875,2289.949951171875,4.0
2020-06-10 10:05:00,2285.0,2288.449951171875,2285.0,2288.449951171875,10.0
2020-06-10 10:20:00,2287.949951171875,2287.949951171875,2280.0,2280.0,13.0
2020-06-10 10:30:00,2280.0,2280.0,2280.0,2280.0,0.0
2020-06-10 10:35:00,2281.75,2281.75,2281.75,2281.75,12.0
2020-06-10 10:40:00,2281.75,2281.75,2280.050048828125,2280.050048828125,27.0
2020-06-10 10:45:00,2280.0,2280.0,2280.0,2280.0,10.0
2020-06-10 10:50:00,2280.0,2280.0,2280.0,2280.0,51.0
2020-06-10 11:00:00,2280.0,2280.0,2279.949951171875,2279.949951171875,5.0
2020-06-10 11:25:00,2279.949951171875,2279.949951171875,2279.949951171875,2279.949951171875,3.0
2020-06-10 11:35:00,2280.0,2280.10009765625,2280.0,2280.10009765625,30.0
2020-06-10 11:40:00,2281.75,2281.75,2281.75,2281.75,0.0
2020-06-10 11:55:00,2286.75,2286.75,2286.75,2286.75,2.0
2020-06-10 12:00:00,2286.89990234375,2289.5,2286.89990234375,2289.5,10.0
2020-06-10 12:15:00,2289.5,2289.5,2289.5,2289.5,5.0
2020-06-10 12:20:00,2289.5,2298.89990234375,2289.5,2298.89990234375,49.0
2020-06-10 12:25:00,2298.89990234375,2314.949951171875,2298.89990234375,2314.60009765625,264.0
2020-06-10 12:30:00,2313.949951171875,2314.0,2309.949951171875,2310.0,53.0
2020-06-10 12:35:00,2307.0,2324.0,2307.0,2319.89990234375,735.0
2020-06-10 12:40:00,2313.949951171875,2323.0,2310.10009765625,2323.0,403.0
2020-06-10 12:45:00,2324.449951171875,2330.0,2318.10009765625,2320.0,331.0
2020-06-10 12:50:00,2320.0,2320.0,2310.949951171875,2314.800048828125,57.0
2020-06-10 12:55:00,2314.550048828125,2314.550048828125,2299.949951171875,2310.0,79.0
2020-06-10 13:00:00,2310.0,2312.0,2309.0,2309.0,70.0
2020-06-10 13:05:00,2309.0,2312.0,2308.199951171875,2311.0,49.0
2020-06-10 13:10:00,2311.0,2311.0,2303.050048828125,2310.949951171875,52.0
2020-06-10 13:15:00,2310.949951171875,2311.0,2287.0,2300.0,128.0
2020-06-10 13:20:00,2297.0,2297.0,2276.10009765625,2276.10009765625,123.0
2020-06-10 13:25:00,2278.0,2299.75,2278.0,2293.949951171875,109.0
2020-06-10 13:30:00,2293.949951171875,2293.949951171875,2293.949951171875,2293.949951171875,0.0
2020-06-10 13:35:00,2298.0,2299.75,2295.0,2295.0,38.0
2020-06-10 13:40:00,2299.75,2299.75,2299.699951171875,2299.699951171875,38.0
2020-06-10 13:45:00,2299.699951171875,2299.75,2293.550048828125,2293.550048828125,27.0
2020-06-10 13:50:00,2298.699951171875,2298.699951171875,2298.699951171875,2298.699951171875,24.0
2020-06-10 13:55:00,2298.39990234375,2298.39990234375,2280.550048828125,2280.550048828125,80.0
2020-06-10 14:00:00,2286.0,2286.0,2283.0,2285.0,0.0
2020-06-10 14:10:00,2285.0,2285.0,2285.0,2285.0,64.0
2020-06-10 14:15:00,2285.0,2285.0,2282.449951171875,2285.0,98.0
2020-06-10 14:20:00,2280.550048828125,2280.550048828125,2271.300048828125,2272.050048828125,190.0
2020-06-10 14:25:00,2276.0,2276.0,2276.0,2276.0,15.0
2020-06-10 14:30:00,2282.949951171875,2282.949951171875,2282.949951171875,2282.949951171875,10.0
2020-06-10 14:35:00,2283.0,2283.0,2283.0,2283.0,0.0
2020-06-10 14:50:00,2283.85009765625,2283.85009765625,2283.85009765625,2283.85009765625,8.0
2020-06-10 14:55:00,2277.10009765625,2282.949951171875,2277.10009765625,2282.949951171875,6.0
2020-06-10 15:00:00,2277.199951171875,2280.0,2277.199951171875,2280.0,14.0
2020-06-10 15:05:00,2274.199951171875,2274.199951171875,2274.199951171875,2274.199951171875,157.0
2020-06-10 15:15:00,2277.949951171875,2277.949951171875,2271.300048828125,2271.39990234375,25.0
2020-06-10 15:20:00,2281.10009765625,2281.10009765625,2267.949951171875,2267.949951171875,193.0
2020-06-10 15:25:00,2265.0,2280.0,2256.300048828125,2270.89990234375,201.0
2020-06-11 09:15:00,2295.0,2295.0,2261.35009765625,2284.89990234375,0.0
2020-06-11 09:25:00,2280.0,2280.0,2280.0,2280.0,7.0
2020-06-11 09:30:00,2282.0,2295.0,2276.949951171875,2295.0,8.0
2020-06-11 09:35:00,2294.89990234375,2298.0,2285.0,2285.0,163.0
2020-06-11 09:40:00,2295.0,2295.0,2295.0,2295.0,22.0
2020-06-11 09:45:00,2294.949951171875,2294.949951171875,2285.0,2285.0,15.0
2020-06-11 09:50:00,2270.10009765625,2270.10009765625,2270.10009765625,2270.10009765625,2.0
2020-06-11 09:55:00,2283.949951171875,2283.949951171875,2271.64990234375,2271.64990234375,4.0
2020-06-11 10:00:00,2281.14990234375,2283.949951171875,2275.60009765625,2283.949951171875,7.0
2020-06-11 10:10:00,2284.25,2284.25,2281.0,2281.0,33.0
2020-06-11 10:15:00,2271.199951171875,2280.0,2271.199951171875,2280.0,5.0
2020-06-11 10:20:00,2279.949951171875,2279.949951171875,2279.949951171875,2279.949951171875,2.0
2020-06-11 10:25:00,2279.949951171875,2279.949951171875,2279.949951171875,2279.949951171875,1.0
2020-06-11 10:30:00,2279.949951171875,2280.0,2279.949951171875,2280.0,2.0
2020-06-11 10:35:00,2280.0,2280.0,2280.0,2280.0,10.0
2020-06-11 10:45:00,2277.0,2277.0,2277.0,2277.0,16.0
2020-06-11 10:50:00,2275.0,2275.0,2270.0,2270.0,72.0
2020-06-11 10:55:00,2265.0,2265.0,2261.300048828125,2261.300048828125,46.0
2020-06-11 11:00:00,2262.0,2269.25,2262.0,2268.949951171875,0.0
2020-06-11 11:05:00,2268.89990234375,2268.89990234375,2268.0,2268.0,3.0
2020-06-11 11:10:00,2262.050048828125,2270.0,2262.050048828125,2270.0,11.0
2020-06-11 11:15:00,2269.949951171875,2269.949951171875,2269.949951171875,2269.949951171875,1.0
2020-06-11 11:20:00,2271.0,2271.0,2270.0,2270.0,7.0
2020-06-11 11:25:00,2270.0,2270.0,2270.0,2270.0,7.0
2020-06-11 11:30:00,2263.300048828125,2269.949951171875,2263.25,2269.949951171875,4.0
2020-06-11 11:35:00,2263.050048828125,2273.60009765625,2263.050048828125,2270.0,12.0
2020-06-11 11:40:00,2273.64990234375,2278.949951171875,2263.14990234375,2263.14990234375,35.0
2020-06-11 11:45:00,2273.35009765625,2284.25,2264.14990234375,2281.550048828125,62.0
2020-06-11 11:50:00,2268.449951171875,2280.800048828125,2268.449951171875,2280.800048828125,9.0
2020-06-11 11:55:00,2278.0,2278.0,2278.0,2278.0,4.0
2020-06-11 12:05:00,2285.0,2285.0,2278.0,2278.0,23.0
2020-06-11 12:15:00,2282.5,2282.5,2282.5,2282.5,0.0
2020-06-11 12:30:00,2279.0,2279.0,2279.0,2279.0,40.0
2020-06-11 12:35:00,2279.0,2279.0,2279.0,2279.0,2.0
2020-06-11 12:40:00,2279.0,2279.0,2279.0,2279.0,9.0
2020-06-11 12:45:00,2279.0,2286.89990234375,2270.10009765625,2270.10009765625,188.0
2020-06-11 12:50:00,2262.050048828125,2279.64990234375,2262.050048828125,2262.050048828125,57.0
2020-06-11 12:55:00,2270.300048828125,2270.300048828125,2270.300048828125,2270.300048828125,0.0
2020-06-11 13:05:00,2270.0,2270.0,2270.0,2270.0,6.0
2020-06-11 13:10:00,2270.0,2270.0,2269.050048828125,2269.050048828125,3.0
2020-06-11 13:15:00,2263.300048828125,2268.550048828125,2263.300048828125,2267.0,30.0
2020-06-11 13:25:00,2267.0,2267.0,2255.199951171875,2255.199951171875,229.0
2020-06-11 13:35:00,2266.64990234375,2266.64990234375,2260.5,2260.5,7.0
2020-06-11 13:40:00,2260.0,2260.449951171875,2260.0,2260.449951171875,90.0
2020-06-11 13:45:00,2260.0,2260.0,2260.0,2260.0,1.0
2020-06-11 13:50:00,2258.699951171875,2258.699951171875,2258.699951171875,2258.699951171875,7.0
2020-06-11 13:55:00,2260.0,2260.0,2259.050048828125,2260.0,17.0
2020-06-11 14:00:00,2260.0,2260.0,2256.10009765625,2259.0,68.0
2020-06-11 14:05:00,2258.050048828125,2260.0,2257.85009765625,2257.89990234375,50.0
2020-06-11 14:10:00,2255.0,2260.0,2255.0,2260.0,54.0
2020-06-11 14:15:00,2260.0,2260.949951171875,2257.699951171875,2257.699951171875,125.0
2020-06-11 14:20:00,2256.14990234375,2258.0,2255.0,2258.0,18.0
2020-06-11 14:25:00,2259.0,2260.0,2258.050048828125,2260.0,30.0
2020-06-11 14:30:00,2260.0,2260.0,2259.949951171875,2259.949951171875,52.0
2020-06-11 14:35:00,2259.949951171875,2260.0,2259.949951171875,2260.0,57.0
2020-06-11 14:40:00,2256.25,2260.0,2256.199951171875,2260.0,31.0
2020-06-11 14:45:00,2259.89990234375,2260.0,2256.0,2259.949951171875,37.0
2020-06-11 14:50:00,2260.0,2260.0,2260.0,2260.0,39.0
2020-06-11 14:55:00,2259.89990234375,2259.89990234375,2259.5,2259.5,5.0
2020-06-11 15:00:00,2259.5,2259.5,2259.5,2259.5,43.0
2020-06-11 15:05:00,2260.0,2260.0,2256.39990234375,2260.0,62.0
2020-06-11 15:10:00,2260.0,2260.0,2260.0,2260.0,37.0
2020-06-11 15:15:00,2260.0,2260.0,2259.949951171875,2259.949951171875,56.0
2020-06-11 15:20:00,2259.0,2261.0,2258.10009765625,2261.0,178.0
2020-06-11 15:25:00,2260.0,2270.0,2259.949951171875,2259.949951171875,44.0
2020-06-12 09:15:00,2201.25,2249.949951171875,2201.10009765625,2201.14990234375,0.0
2020-06-12 09:20:00,2218.0,2225.949951171875,2218.0,2225.949951171875,123.0
2020-06-12 09:25:00,2225.0,2233.89990234375,2225.0,2233.89990234375,20.0
2020-06-12 09:30:00,2223.39990234375,2223.39990234375,2223.39990234375,2223.39990234375,49.0
2020-06-12 09:35:00,2221.699951171875,2232.25,2220.75,2232.25,10.0
2020-06-12 09:40:00,2229.949951171875,2250.0,2222.0,2227.25,168.0
2020-06-12 09:45:00,2230.050048828125,2230.050048828125,2230.050048828125,2230.050048828125,4.0
2020-06-12 09:50:00,2247.0,2247.0,2242.0,2246.89990234375,23.0
2020-06-12 09:55:00,2246.0,2246.0,2231.35009765625,2231.35009765625,6.0
2020-06-12 10:00:00,2231.39990234375,2239.949951171875,2231.39990234375,2239.949951171875,2.0
2020-06-12 10:05:00,2239.0,2239.0,2239.0,2239.0,10.0
2020-06-12 10:10:00,2230.050048828125,2238.550048828125,2230.050048828125,2238.550048828125,27.0
2020-06-12 10:15:00,2231.35009765625,2231.35009765625,2231.35009765625,2231.35009765625,4.0
2020-06-12 10:20:00,2236.39990234375,2236.39990234375,2235.449951171875,2235.449951171875,4.0
2020-06-12 10:25:00,2235.39990234375,2235.39990234375,2234.949951171875,2235.0,6.0
2020-06-12 10:30:00,2236.39990234375,2240.0,2236.39990234375,2240.0,84.0
2020-06-12 10:35:00,2240.0,2240.0,2236.39990234375,2236.39990234375,28.0
2020-06-12 10:40:00,2241.5,2241.5,2231.10009765625,2231.14990234375,56.0
2020-06-12 10:45:00,2231.35009765625,2231.35009765625,2231.35009765625,2231.35009765625,0.0
2020-06-12 10:50:00,2239.89990234375,2240.050048828125,2239.89990234375,2240.050048828125,3.0
2020-06-12 10:55:00,2231.60009765625,2231.60009765625,2231.60009765625,2231.60009765625,0.0
2020-06-12 11:00:00,2231.10009765625,2231.10009765625,2231.10009765625,2231.10009765625,5.0
2020-06-12 11:05:00,2241.85009765625,2241.85009765625,2241.85009765625,2241.85009765625,8.0
2020-06-12 11:10:00,2244.35009765625,2244.35009765625,2231.35009765625,2231.35009765625,5.0
2020-06-12 11:25:00,2243.0,2250.0,2243.0,2250.0,102.0
2020-06-12 11:30:00,2251.0,2256.949951171875,2251.0,2256.949951171875,14.0
2020-06-12 11:35:00,2251.0,2251.0,2251.0,2251.0,34.0
2020-06-12 11:40:00,2256.89990234375,2256.89990234375,2256.89990234375,2256.89990234375,0.0
2020-06-12 11:45:00,2256.89990234375,2256.89990234375,2251.0,2251.0,16.0
2020-06-12 11:50:00,2251.0,2251.0,2251.0,2251.0,0.0
2020-06-12 12:00:00,2251.0,2256.550048828125,2251.0,2256.550048828125,10.0
2020-06-12 12:05:00,2256.550048828125,2258.0,2236.0,2236.0,239.0
2020-06-12 12:10:00,2240.0,2240.0,2220.0,2220.0,503.0
2020-06-12 12:20:00,2238.949951171875,2238.949951171875,2223.050048828125,2223.050048828125,0.0
2020-06-12 12:25:00,2235.89990234375,2235.89990234375,2235.89990234375,2235.89990234375,0.0
2020-06-12 12:30:00,2234.949951171875,2234.949951171875,2227.10009765625,2227.10009765625,5.0
2020-06-12 12:35:00,2227.10009765625,2227.14990234375,2227.10009765625,2227.14990234375,92.0
2020-06-12 12:40:00,2247.14990234375,2249.0,2247.14990234375,2249.0,34.0
2020-06-12 12:50:00,2240.0,2240.0,2240.0,2240.0,100.0
2020-06-12 12:55:00,2239.949951171875,2239.949951171875,2239.89990234375,2239.89990234375,0.0
2020-06-12 13:00:00,2225.0,2236.550048828125,2218.89990234375,2219.949951171875,261.0
2020-06-12 13:05:00,2220.0,2228.0,2219.949951171875,2228.0,36.0
2020-06-12 13:10:00,2220.0,2220.25,2220.0,2220.25,47.0
2020-06-12 13:15:00,2225.550048828125,2227.949951171875,2217.550048828125,2219.85009765625,113.0
2020-06-12 13:20:00,2219.85009765625,2219.85009765625,2210.300048828125,2218.949951171875,201.0
2020-06-12 13:25:00,2220.0,2220.0,2220.0,2220.0,4.0
2020-06-12 13:30:00,2220.0,2220.0,2220.0,2220.0,0.0
2020-06-12 13:35:00,2219.949951171875,2219.949951171875,2219.949951171875,2219.949951171875,2.0
2020-06-12 13:40:00,2220.0,2222.300048828125,2215.0,2215.0,81.0
2020-06-12 13:45:00,2214.5,2215.0,2168.699951171875,2168.699951171875,2719.0
2020-06-12 13:50:00,2170.0,2217.89990234375,2170.0,2217.89990234375,233.0
2020-06-12 13:55:00,2217.85009765625,2217.85009765625,2206.0,2206.0,262.0
2020-06-12 14:00:00,2199.550048828125,2200.0,2199.0,2199.89990234375,119.0
2020-06-12 14:05:00,2196.85009765625,2200.0,2193.949951171875,2200.0,14.0
2020-06-12 14:10:00,2200.0,2200.0,2186.0,2200.0,156.0
2020-06-12 14:15:00,2200.0,2210.050048828125,2200.0,2210.050048828125,425.0
2020-06-12 14:20:00,2212.0,2212.0,2211.949951171875,2211.949951171875,28.0
2020-06-12 14:25:00,2211.949951171875,2211.949951171875,2205.050048828125,2205.050048828125,6.0
2020-06-12 14:30:00,2205.0,2209.89990234375,2200.0,2200.0,34.0
2020-06-12 14:35:00,2206.949951171875,2206.949951171875,2190.0,2190.0,72.0
2020-06-12 14:40:00,2190.0,2190.0,2189.25,2189.64990234375,72.0
2020-06-12 14:45:00,2189.64990234375,2199.199951171875,2189.64990234375,2193.64990234375,557.0
2020-06-12 14:50:00,2197.949951171875,2198.0,2190.0,2190.0,366.0
2020-06-12 14:55:00,2180.300048828125,2190.0,2180.300048828125,2190.0,162.0
2020-06-12 15:00:00,2189.89990234375,2190.0,2187.050048828125,2189.699951171875,170.0
2020-06-12 15:05:00,2189.85009765625,2189.89990234375,2167.0,2170.0,510.0
2020-06-12 15:10:00,2184.64990234375,2192.949951171875,2180.64990234375,2189.0,46.0
2020-06-12 15:15:00,2188.949951171875,2188.949951171875,2180.85009765625,2180.85009765625,85.0
2020-06-12 15:20:00,2181.35009765625,2184.0,2171.050048828125,2181.10009765625,229.0
2020-06-12 15:25:00,2178.949951171875,2193.89990234375,2178.949951171875,2180.35009765625,382.0
2020-06-15 09:15:00,2191.25,2218.0,2180.0,2203.0,0.0
2020-06-15 09:20:00,2200.0,2200.0,2183.949951171875,2199.0,209.0
2020-06-15 09:25:00,2200.0,2213.300048828125,2200.0,2213.300048828125,43.0
2020-06-15 09:30:00,2216.0,2221.0,2208.800048828125,2217.0,229.0
2020-06-15 09:35:00,2216.0,2216.0,2210.0,2210.0,81.0
2020-06-15 09:40:00,2218.39990234375,2218.39990234375,2205.800048828125,2205.800048828125,94.0
2020-06-15 09:45:00,2206.10009765625,2206.10009765625,2206.10009765625,2206.10009765625,17.0
2020-06-15 09:50:00,2210.0,2219.0,2210.0,2219.0,62.0
2020-06-15 09:55:00,2216.050048828125,2219.0,2211.300048828125,2211.300048828125,113.0
2020-06-15 10:00:00,2211.300048828125,2214.300048828125,2208.35009765625,2210.0,173.0
2020-06-15 10:05:00,2213.85009765625,2213.85009765625,2207.0,2207.0,25.0
2020-06-15 10:10:00,2212.89990234375,2212.89990234375,2211.39990234375,2211.39990234375,0.0
2020-06-15 10:15:00,2212.0,2213.0,2210.0,2210.0,34.0
2020-06-15 10:20:00,2210.300048828125,2210.75,2210.300048828125,2210.300048828125,76.0
2020-06-15 10:25:00,2217.89990234375,2217.89990234375,2210.35009765625,2210.35009765625,18.0
2020-06-15 10:30:00,2214.0,2217.39990234375,2211.10009765625,2217.35009765625,15.0
2020-06-15 10:35:00,2215.0,2215.449951171875,2211.14990234375,2211.14990234375,47.0
2020-06-15 10:40:00,2211.14990234375,2211.14990234375,2206.300048828125,2206.300048828125,238.0
2020-06-15 10:45:00,2206.300048828125,2209.449951171875,2206.300048828125,2209.449951171875,0.0
2020-06-15 10:50:00,2209.0,2209.0,2208.85009765625,2208.85009765625,11.0
2020-06-15 10:55:00,2208.85009765625,2211.35009765625,2206.300048828125,2206.300048828125,61.0
2020-06-15 11:00:00,2206.0,2209.0,2206.0,2209.0,65.0
2020-06-15 11:05:00,2209.0,2209.0,2209.0,2209.0,2.0
2020-06-15 11:10:00,2209.0,2209.0,2208.35009765625,2208.35009765625,19.0
2020-06-15 11:15:00,2206.0,2208.0,2206.0,2207.949951171875,14.0
2020-06-15 11:20:00,2207.800048828125,2207.800048828125,2201.64990234375,2204.550048828125,70.0
2020-06-15 11:25:00,2200.300048828125,2201.0,2200.300048828125,2200.300048828125,65.0
2020-06-15 11:30:00,2200.300048828125,2203.949951171875,2200.300048828125,2203.949951171875,42.0
2020-06-15 11:35:00,2203.75,2203.75,2203.75,2203.75,2.0
2020-06-15 11:40:00,2200.300048828125,2200.35009765625,2200.300048828125,2200.35009765625,39.0
2020-06-15 11:45:00,2200.35009765625,2200.35009765625,2191.300048828125,2191.300048828125,67.0
2020-06-15 11:50:00,2195.5,2195.5,2194.800048828125,2195.25,14.0
2020-06-15 11:55:00,2191.300048828125,2191.300048828125,2191.300048828125,2191.300048828125,26.0
2020-06-15 12:00:00,2191.300048828125,2192.800048828125,2189.64990234375,2192.800048828125,111.0
2020-06-15 12:05:00,2190.0,2191.699951171875,2185.39990234375,2185.39990234375,46.0
2020-06-15 12:10:00,2189.0,2189.0,2189.0,2189.0,11.0
2020-06-15 12:15:00,2185.0,2185.0,2181.0,2181.0,76.0
2020-06-15 12:20:00,2181.050048828125,2184.0,2176.14990234375,2176.14990234375,207.0
2020-06-15 12:25:00,2179.89990234375,2180.0,2176.300048828125,2180.0,217.0
2020-06-15 12:30:00,2180.300048828125,2180.300048828125,2176.300048828125,2176.300048828125,15.0
2020-06-15 12:35:00,2180.39990234375,2180.39990234375,2179.949951171875,2180.0,15.0
2020-06-15 12:40:00,2180.39990234375,2180.39990234375,2171.14990234375,2175.0,295.0
2020-06-15 12:50:00,2180.39990234375,2184.0,2180.39990234375,2183.949951171875,70.0
2020-06-15 12:55:00,2183.0,2183.85009765625,2180.39990234375,2183.85009765625,9.0
2020-06-15 13:00:00,2180.39990234375,2182.699951171875,2179.949951171875,2182.699951171875,28.0
2020-06-15 13:05:00,2179.89990234375,2180.35009765625,2179.800048828125,2179.800048828125,36.0
2020-06-15 13:10:00,2179.800048828125,2179.949951171875,2175.300048828125,2175.300048828125,29.0
2020-06-15 13:15:00,2175.35009765625,2179.85009765625,2175.35009765625,2179.60009765625,12.0
2020-06-15 13:20:00,2179.64990234375,2179.699951171875,2179.64990234375,2179.64990234375,39.0
2020-06-15 13:25:00,2180.0,2180.14990234375,2180.0,2180.0,114.0
2020-06-15 13:30:00,2182.699951171875,2182.699951171875,2180.0,2180.0,319.0
2020-06-15 13:35:00,2180.300048828125,2180.300048828125,2180.300048828125,2180.300048828125,10.0
2020-06-15 13:40:00,2179.85009765625,2180.300048828125,2179.85009765625,2180.300048828125,2.0
2020-06-15 13:45:00,2180.300048828125,2180.300048828125,2179.85009765625,2179.85009765625,12.0
2020-06-15 13:50:00,2175.550048828125,2179.949951171875,2175.550048828125,2179.949951171875,17.0
2020-06-15 13:55:00,2179.85009765625,2180.050048828125,2179.85009765625,2180.050048828125,11.0
2020-06-15 14:00:00,2180.0,2181.949951171875,2180.0,2180.0,141.0
2020-06-15 14:05:00,2181.0,2181.300048828125,2175.0,2175.0,135.0
2020-06-15 14:10:00,2172.0,2178.0,2172.0,2178.0,14.0
2020-06-15 14:15:00,2178.0,2179.949951171875,2178.0,2179.89990234375,18.0
2020-06-15 14:20:00,2180.0,2180.35009765625,2180.0,2180.35009765625,10.0
2020-06-15 14:25:00,2180.35009765625,2181.949951171875,2180.0,2181.949951171875,74.0
2020-06-15 14:30:00,2180.35009765625,2181.949951171875,2180.0,2181.949951171875,19.0
2020-06-15 14:35:00,2180.35009765625,2180.35009765625,2179.85009765625,2179.85009765625,0.0
2020-06-15 14:40:00,2179.35009765625,2179.800048828125,2179.35009765625,2179.800048828125,15.0
2020-06-15 14:45:00,2180.0,2180.35009765625,2180.0,2180.0,59.0
2020-06-15 14:50:00,2180.35009765625,2181.10009765625,2175.0,2181.10009765625,25.0
2020-06-15 15:00:00,2180.35009765625,2181.949951171875,2179.89990234375,2180.25,50.0
2020-06-15 15:05:00,2179.89990234375,2180.14990234375,2178.949951171875,2178.949951171875,14.0
2020-06-15 15:10:00,2175.85009765625,2192.949951171875,2175.85009765625,2179.0,448.0
2020-06-15 15:15:00,2187.800048828125,2187.800048828125,2182.300048828125,2186.0,24.0
2020-06-15 15:20:00,2181.550048828125,2189.89990234375,2181.5,2184.89990234375,84.0
2020-06-15 15:25:00,2185.949951171875,2192.0,2181.10009765625,2181.10009765625,32.0
2020-06-16 09:15:00,2238.699951171875,2238.699951171875,2194.550048828125,2198.550048828125,0.0
2020-06-16 09:20:00,2210.800048828125,2212.0,2202.10009765625,2202.10009765625,63.0
2020-06-16 09:25:00,2206.800048828125,2208.0,2206.800048828125,2208.0,22.0
2020-06-16 09:30:00,2202.050048828125,2205.300048828125,2202.050048828125,2204.800048828125,14.0
2020-06-16 09:35:00,2207.199951171875,2209.699951171875,2206.25,2209.699951171875,66.0
2020-06-16 09:40:00,2209.5,2209.64990234375,2203.25,2208.199951171875,24.0
2020-06-16 09:45:00,2207.75,2208.89990234375,2203.199951171875,2203.199951171875,13.0
2020-06-16 09:50:00,2206.10009765625,2208.199951171875,2206.10009765625,2207.199951171875,12.0
2020-06-16 09:55:00,2207.449951171875,2207.449951171875,2207.35009765625,2207.35009765625,27.0
2020-06-16 10:00:00,2203.25,2205.0,2203.25,2205.0,18.0
2020-06-16 10:05:00,2206.14990234375,2207.0,2206.14990234375,2207.0,17.0
2020-06-16 10:10:00,2203.25,2203.25,2203.25,2203.25,1.0
2020-06-16 10:15:00,2206.0,2207.39990234375,2206.0,2207.14990234375,43.0
2020-06-16 10:20:00,2206.0,2206.0,2203.25,2203.25,154.0
2020-06-16 10:25:00,2203.25,2207.0,2203.25,2207.0,0.0
2020-06-16 10:30:00,2206.949951171875,2207.0,2203.300048828125,2207.0,22.0
2020-06-16 10:35:00,2207.0,2207.0,2206.949951171875,2206.949951171875,23.0
2020-06-16 10:40:00,2206.89990234375,2206.89990234375,2203.300048828125,2203.300048828125,11.0
2020-06-16 10:45:00,2207.199951171875,2208.89990234375,2206.89990234375,2208.89990234375,27.0
2020-06-16 10:50:00,2193.050048828125,2198.0,2193.050048828125,2198.0,57.0
2020-06-16 10:55:00,2203.14990234375,2203.14990234375,2195.0,2195.0,80.0
2020-06-16 11:00:00,2191.5,2195.449951171875,2191.5,2195.449951171875,9.0
2020-06-16 11:05:00,2195.60009765625,2195.60009765625,2195.60009765625,2195.60009765625,20.0
2020-06-16 11:10:00,2195.449951171875,2195.449951171875,2195.449951171875,2195.449951171875,14.0
2020-06-16 11:15:00,2195.0,2201.949951171875,2195.0,2201.85009765625,575.0
2020-06-16 11:20:00,2201.75,2202.0,2195.0,2195.0,152.0
2020-06-16 11:25:00,2192.14990234375,2192.14990234375,2192.0,2192.0,54.0
2020-06-16 11:30:00,2195.0,2195.0,2191.300048828125,2191.300048828125,143.0
2020-06-16 11:35:00,2197.949951171875,2197.949951171875,2197.949951171875,2197.949951171875,10.0
2020-06-16 11:40:00,2197.449951171875,2197.449951171875,2197.449951171875,2197.449951171875,2.0
2020-06-16 11:45:00,2199.0,2199.449951171875,2199.0,2199.449951171875,11.0
2020-06-16 11:50:00,2197.949951171875,2197.949951171875,2197.75,2197.75,17.0
2020-06-16 12:00:00,2197.449951171875,2197.89990234375,2197.300048828125,2197.89990234375,30.0
2020-06-16 12:05:00,2205.0,2208.199951171875,2205.0,2207.89990234375,16.0
2020-06-16 12:10:00,2207.800048828125,2207.800048828125,2195.64990234375,2195.64990234375,18.0
2020-06-16 12:15:00,2200.0,2200.0,2199.949951171875,2199.949951171875,7.0
2020-06-16 12:20:00,2200.949951171875,2200.949951171875,2200.699951171875,2200.699951171875,16.0
2020-06-16 12:25:00,2200.0,2200.0,2200.0,2200.0,4.0
2020-06-16 12:30:00,2199.949951171875,2199.949951171875,2199.85009765625,2199.85009765625,15.0
2020-06-16 12:35:00,2203.0,2204.89990234375,2203.0,2204.35009765625,22.0
2020-06-16 12:40:00,2200.0,2200.0,2200.0,2200.0,0.0
2020-06-16 12:45:00,2205.64990234375,2210.0,2205.64990234375,2210.0,43.0
2020-06-16 12:50:00,2209.949951171875,2212.0,2209.800048828125,2212.0,67.0
2020-06-16 12:55:00,2214.449951171875,2214.64990234375,2214.449951171875,2214.64990234375,10.0
2020-06-16 13:00:00,2209.800048828125,2209.800048828125,2209.800048828125,2209.800048828125,5.0
2020-06-16 13:05:00,2209.800048828125,2209.800048828125,2209.800048828125,2209.800048828125,74.0
2020-06-16 13:10:00,2209.800048828125,2209.800048828125,2204.14990234375,2204.14990234375,24.0
2020-06-16 13:15:00,2205.0,2205.0,2204.10009765625,2205.0,25.0
2020-06-16 13:20:00,2205.449951171875,2209.89990234375,2204.0,2204.0,74.0
2020-06-16 13:25:00,2208.89990234375,2208.89990234375,2204.0,2204.0,141.0
2020-06-16 13:35:00,2207.60009765625,2207.800048828125,2204.0,2204.0,0.0
2020-06-16 13:40:00,2204.0,2204.0,2200.0,2200.0,15.0
2020-06-16 13:45:00,2203.89990234375,2208.60009765625,2197.300048828125,2197.300048828125,31.0
2020-06-16 13:50:00,2200.14990234375,2207.800048828125,2200.14990234375,2207.800048828125,15.0
2020-06-16 14:00:00,2208.89990234375,2208.89990234375,2208.89990234375,2208.89990234375,21.0
2020-06-16 14:05:00,2208.949951171875,2208.949951171875,2208.949951171875,2208.949951171875,0.0
2020-06-16 14:10:00,2208.949951171875,2208.949951171875,2208.85009765625,2208.85009765625,14.0
2020-06-16 14:15:00,2207.949951171875,2208.0,2207.949951171875,2208.0,10.0
2020-06-16 14:20:00,2209.0,2217.0,2209.0,2216.39990234375,85.0
2020-06-16 14:25:00,2217.0,2228.050048828125,2217.0,2223.949951171875,174.0
2020-06-16 14:30:00,2217.64990234375,2224.85009765625,2217.64990234375,2224.85009765625,22.0
2020-06-16 14:35:00,2224.800048828125,2224.800048828125,2224.800048828125,2224.800048828125,2.0
2020-06-16 14:40:00,2219.800048828125,2224.75,2219.800048828125,2224.75,6.0
2020-06-16 14:45:00,2219.949951171875,2219.949951171875,2219.89990234375,2219.89990234375,7.0
2020-06-16 14:50:00,2219.89990234375,2220.0,2219.89990234375,2220.0,18.0
2020-06-16 14:55:00,2222.0,2222.0,2220.0,2220.0,67.0
2020-06-16 15:00:00,2221.800048828125,2221.800048828125,2221.800048828125,2221.800048828125,81.0
2020-06-16 15:05:00,2220.0,2220.0,2218.949951171875,2218.949951171875,30.0
2020-06-16 15:20:00,2217.89990234375,2220.0,2217.89990234375,2219.800048828125,57.0
2020-06-16 15:25:00,2219.800048828125,2229.949951171875,2218.0,2222.0,146.0
2020-06-17 09:15:00,2230.0,2230.0,2210.0,2210.0,0.0
2020-06-17 09:25:00,2210.0,2215.0,2210.0,2215.0,29.0
2020-06-17 09:30:00,2214.800048828125,2214.800048828125,2214.800048828125,2214.800048828125,0.0
2020-06-17 09:35:00,2214.60009765625,2214.60009765625,2214.60009765625,2214.60009765625,23.0
2020-06-17 09:40:00,2214.60009765625,2226.75,2214.60009765625,2226.75,87.0
2020-06-17 09:45:00,2226.75,2226.75,2225.0,2226.699951171875,10.0
2020-06-17 09:50:00,2226.699951171875,2227.199951171875,2226.699951171875,2227.199951171875,10.0
2020-06-17 09:55:00,2227.199951171875,2230.0,2227.199951171875,2230.0,10.0
2020-06-17 10:00:00,2230.0,2238.0,2230.0,2238.0,21.0
2020-06-17 10:05:00,2239.60009765625,2243.0,2239.60009765625,2243.0,47.0
2020-06-17 10:10:00,2245.0,2245.0,2236.0,2239.0,14.0
2020-06-17 10:15:00,2239.0,2239.85009765625,2239.0,2239.85009765625,11.0
2020-06-17 10:20:00,2239.85009765625,2239.85009765625,2231.39990234375,2231.39990234375,15.0
2020-06-17 10:25:00,2231.39990234375,2238.550048828125,2231.10009765625,2233.449951171875,18.0
2020-06-17 10:30:00,2238.35009765625,2239.699951171875,2238.35009765625,2239.699951171875,9.0
2020-06-17 10:35:00,2239.699951171875,2239.699951171875,2231.35009765625,2239.64990234375,16.0
2020-06-17 10:40:00,2239.64990234375,2239.64990234375,2236.550048828125,2239.5,10.0
2020-06-17 10:45:00,2239.550048828125,2239.60009765625,2238.89990234375,2238.89990234375,10.0
2020-06-17 10:50:00,2238.89990234375,2238.89990234375,2231.550048828125,2238.75,11.0
2020-06-17 10:55:00,2238.75,2238.75,2231.550048828125,2237.89990234375,35.0
2020-06-17 11:00:00,2237.89990234375,2238.89990234375,2237.89990234375,2238.89990234375,10.0
2020-06-17 11:05:00,2238.89990234375,2238.89990234375,2238.0,2238.0,11.0
2020-06-17 11:10:00,2238.0,2238.0,2232.10009765625,2237.5,29.0
2020-06-17 11:15:00,2237.5,2237.5,2237.5,2237.5,10.0
2020-06-17 11:20:00,2237.5,2237.5,2237.0,2237.0,10.0
2020-06-17 11:25:00,2237.0,2237.5,2237.0,2237.5,10.0
2020-06-17 11:30:00,2237.5,2237.5,2234.949951171875,2234.949951171875,10.0
2020-06-17 11:35:00,2234.949951171875,2234.949951171875,2233.300048828125,2233.300048828125,10.0
2020-06-17 11:40:00,2234.949951171875,2234.949951171875,2231.10009765625,2233.35009765625,21.0
2020-06-17 11:45:00,2234.699951171875,2234.75,2234.60009765625,2234.75,11.0
2020-06-17 11:50:00,2234.75,2234.75,2234.75,2234.75,11.0
2020-06-17 11:55:00,2234.949951171875,2235.0,2234.949951171875,2235.0,10.0
2020-06-17 12:00:00,2235.0,2235.0,2234.89990234375,2234.89990234375,10.0
2020-06-17 12:05:00,2234.85009765625,2238.39990234375,2234.85009765625,2238.39990234375,30.0
2020-06-17 12:10:00,2238.39990234375,2238.60009765625,2232.10009765625,2238.550048828125,25.0
2020-06-17 12:15:00,2238.60009765625,2246.199951171875,2238.60009765625,2246.199951171875,176.0
2020-06-17 12:20:00,2246.199951171875,2246.199951171875,2245.0,2245.0,8.0
2020-06-17 12:25:00,2245.0,2245.0,2245.0,2245.0,11.0
2020-06-17 12:30:00,2245.0,2245.0,2240.0,2244.89990234375,20.0
2020-06-17 12:35:00,2245.0,2245.0,2244.699951171875,2244.699951171875,10.0
2020-06-17 12:40:00,2244.699951171875,2245.0,2243.85009765625,2245.0,35.0
2020-06-17 12:45:00,2245.0,2245.0,2244.949951171875,2244.949951171875,21.0
2020-06-17 12:50:00,2244.949951171875,2244.949951171875,2244.89990234375,2244.89990234375,25.0
2020-06-17 12:55:00,2244.89990234375,2244.89990234375,2244.0,2244.0,21.0
2020-06-17 13:00:00,2244.0,2244.949951171875,2244.0,2244.949951171875,10.0
2020-06-17 13:05:00,2244.949951171875,2259.949951171875,2244.949951171875,2256.699951171875,162.0
2020-06-17 13:10:00,2260.0,2260.0,2253.89990234375,2253.89990234375,28.0
2020-06-17 13:15:00,2254.10009765625,2254.10009765625,2254.10009765625,2254.10009765625,0.0
2020-06-17 13:20:00,2254.199951171875,2254.199951171875,2254.199951171875,2254.199951171875,20.0
2020-06-17 13:30:00,2250.0,2250.0,2250.0,2250.0,16.0
2020-06-17 13:35:00,2246.5,2249.39990234375,2246.5,2249.39990234375,17.0
2020-06-17 13:40:00,2250.0,2250.0,2249.39990234375,2249.39990234375,0.0
2020-06-17 13:50:00,2246.050048828125,2246.050048828125,2246.050048828125,2246.050048828125,14.0
2020-06-17 13:55:00,2248.85009765625,2248.85009765625,2248.85009765625,2248.85009765625,0.0
2020-06-17 14:00:00,2247.949951171875,2247.949951171875,2247.949951171875,2247.949951171875,0.0
2020-06-17 14:05:00,2246.5,2246.5,2246.5,2246.5,1.0
2020-06-17 14:10:00,2242.5,2242.5,2242.5,2242.5,11.0
2020-06-17 14:15:00,2242.0,2254.14990234375,2242.0,2254.14990234375,60.0
2020-06-17 14:25:00,2247.0,2250.0,2247.0,2247.0,13.0
2020-06-17 14:30:00,2247.0,2250.0,2247.0,2250.0,4.0
2020-06-17 14:35:00,2250.0,2250.0,2250.0,2250.0,2.0
2020-06-17 14:40:00,2247.0,2247.0,2247.0,2247.0,7.0
2020-06-17 14:45:00,2247.0,2247.0,2240.0,2245.0,63.0
2020-06-17 14:50:00,2245.0,2246.0,2245.0,2245.0,31.0
2020-06-17 14:55:00,2244.85009765625,2244.89990234375,2244.85009765625,2244.89990234375,27.0
2020-06-17 15:00:00,2244.89990234375,2255.0,2244.0,2255.0,131.0
2020-06-17 15:05:00,2255.0,2255.0,2255.0,2255.0,0.0
2020-06-17 15:10:00,2254.949951171875,2254.949951171875,2254.949951171875,2254.949951171875,3.0
2020-06-17 15:15:00,2250.0,2253.75,2250.0,2253.75,46.0
2020-06-17 15:20:00,2249.0,2250.0,2240.0,2245.0,158.0
2020-06-17 15:25:00,2245.0,2250.0,2240.0,2247.14990234375,149.0
2020-06-18 09:15:00,2223.050048828125,2256.300048828125,2223.050048828125,2232.050048828125,0.0
2020-06-18 09:20:00,2239.89990234375,2239.89990234375,2239.89990234375,2239.89990234375,2.0
2020-06-18 09:25:00,2228.75,2239.89990234375,2228.75,2239.89990234375,21.0
2020-06-18 09:30:00,2234.14990234375,2240.0,2234.10009765625,2240.0,23.0
2020-06-18 09:35:00,2234.050048828125,2240.0,2234.050048828125,2240.0,18.0
2020-06-18 09:40:00,2239.949951171875,2240.0,2228.75,2228.75,27.0
2020-06-18 09:45:00,2230.0,2230.0,2230.0,2230.0,6.0
2020-06-18 09:50:00,2223.89990234375,2233.949951171875,2223.89990234375,2233.949951171875,8.0
2020-06-18 09:55:00,2227.699951171875,2233.949951171875,2227.699951171875,2233.949951171875,13.0
2020-06-18 10:00:00,2233.949951171875,2233.949951171875,2233.949951171875,2233.949951171875,16.0
2020-06-18 10:05:00,2233.949951171875,2233.949951171875,2233.949951171875,2233.949951171875,15.0
2020-06-18 10:10:00,2228.0,2233.800048828125,2228.0,2232.949951171875,18.0
2020-06-18 10:15:00,2232.949951171875,2232.949951171875,2232.89990234375,2232.949951171875,15.0
2020-06-18 10:20:00,2232.949951171875,2232.949951171875,2227.75,2227.800048828125,12.0
2020-06-18 10:25:00,2230.75,2231.050048828125,2230.75,2230.949951171875,14.0
2020-06-18 10:30:00,2230.949951171875,2232.25,2227.75,2230.949951171875,19.0
2020-06-18 10:35:00,2230.949951171875,2230.949951171875,2230.89990234375,2230.89990234375,20.0
2020-06-18 10:40:00,2231.0,2232.14990234375,2227.800048828125,2232.14990234375,240.0
2020-06-18 10:45:00,2232.949951171875,2232.949951171875,2232.949951171875,2232.949951171875,12.0
2020-06-18 10:50:00,2232.949951171875,2232.949951171875,2231.14990234375,2232.949951171875,20.0
2020-06-18 10:55:00,2232.949951171875,2232.949951171875,2232.89990234375,2232.89990234375,9.0
2020-06-18 11:00:00,2226.300048828125,2229.949951171875,2225.0,2225.0,119.0
2020-06-18 11:05:00,2229.949951171875,2230.0,2225.949951171875,2225.949951171875,8.0
2020-06-18 11:10:00,2226.0,2232.89990234375,2226.0,2232.89990234375,32.0
2020-06-18 11:15:00,2232.949951171875,2232.949951171875,2229.050048828125,2229.050048828125,10.0
2020-06-18 11:20:00,2232.85009765625,2232.85009765625,2229.0,2229.0,13.0
2020-06-18 11:25:00,2226.0,2232.85009765625,2226.0,2232.800048828125,10.0
2020-06-18 11:30:00,2226.949951171875,2232.85009765625,2226.949951171875,2232.85009765625,13.0
2020-06-18 11:35:00,2232.75,2232.75,2232.449951171875,2232.449951171875,11.0
2020-06-18 11:40:00,2231.949951171875,2232.800048828125,2227.550048828125,2232.800048828125,30.0
2020-06-18 11:45:00,2232.800048828125,2232.89990234375,2227.85009765625,2232.89990234375,28.0
2020-06-18 11:50:00,2232.89990234375,2232.89990234375,2232.89990234375,2232.89990234375,14.0
2020-06-18 11:55:00,2230.0,2230.050048828125,2226.10009765625,2229.949951171875,63.0
2020-06-18 12:00:00,2226.199951171875,2231.0,2226.199951171875,2231.0,39.0
2020-06-18 12:05:00,2231.199951171875,2231.199951171875,2225.199951171875,2231.199951171875,3.0
2020-06-18 12:10:00,2231.199951171875,2231.199951171875,2225.35009765625,2231.199951171875,13.0
2020-06-18 12:15:00,2231.199951171875,2231.199951171875,2225.39990234375,2229.949951171875,12.0
2020-06-18 12:20:00,2231.199951171875,2231.199951171875,2229.949951171875,2229.949951171875,15.0
2020-06-18 12:25:00,2230.0,2232.89990234375,2230.0,2232.89990234375,12.0
2020-06-18 12:30:00,2232.89990234375,2232.949951171875,2232.89990234375,2232.949951171875,7.0
2020-06-18 12:35:00,2230.0,2232.89990234375,2211.60009765625,2211.60009765625,126.0
2020-06-18 12:40:00,2217.949951171875,2223.0,2217.949951171875,2223.0,10.0
2020-06-18 12:45:00,2228.60009765625,2231.199951171875,2223.0,2231.199951171875,45.0
2020-06-18 12:50:00,2228.199951171875,2230.0,2225.0,2229.949951171875,15.0
2020-06-18 12:55:00,2230.0,2230.0,2225.39990234375,2230.0,24.0
2020-06-18 13:00:00,2230.0,2230.0,2229.949951171875,2229.949951171875,9.0
2020-06-18 13:05:00,2225.39990234375,2230.0,2225.39990234375,2230.0,14.0
2020-06-18 13:10:00,2230.39990234375,2230.39990234375,2230.39990234375,2230.39990234375,14.0
2020-06-18 13:15:00,2230.39990234375,2233.85009765625,2230.35009765625,2233.85009765625,74.0
2020-06-18 13:20:00,2233.85009765625,2233.85009765625,2230.0,2230.0,15.0
2020-06-18 13:25:00,2230.0,2231.199951171875,2230.0,2231.199951171875,11.0
2020-06-18 13:30:00,2230.0,2230.0,2230.0,2230.0,12.0
2020-06-18 13:35:00,2226.550048828125,2230.0,2226.550048828125,2230.0,8.0
2020-06-18 13:40:00,2230.0,2231.199951171875,2230.0,2231.199951171875,13.0
2020-06-18 13:45:00,2231.199951171875,2231.85009765625,2230.0,2231.85009765625,22.0
2020-06-18 13:50:00,2230.0,2233.14990234375,2230.0,2232.949951171875,18.0
2020-06-18 13:55:00,2232.949951171875,2232.949951171875,2231.199951171875,2231.199951171875,10.0
2020-06-18 14:00:00,2233.85009765625,2233.85009765625,2230.0,2230.0,9.0
2020-06-18 14:05:00,2228.050048828125,2231.199951171875,2228.050048828125,2230.60009765625,45.0
2020-06-18 14:10:00,2232.949951171875,2232.949951171875,2228.300048828125,2228.300048828125,10.0
2020-06-18 14:15:00,2230.449951171875,2236.35009765625,2230.0,2230.050048828125,22.0
2020-06-18 14:20:00,2233.949951171875,2233.949951171875,2230.0,2233.800048828125,10.0
2020-06-18 14:25:00,2233.75,2233.75,2230.0,2233.10009765625,110.0
2020-06-18 14:30:00,2230.0,2233.10009765625,2230.0,2233.10009765625,27.0
2020-06-18 14:35:00,2232.949951171875,2232.949951171875,2232.949951171875,2232.949951171875,7.0
2020-06-18 14:40:00,2232.949951171875,2232.949951171875,2232.949951171875,2232.949951171875,13.0
2020-06-18 14:45:00,2232.949951171875,2232.949951171875,2232.949951171875,2232.949951171875,12.0
2020-06-18 14:50:00,2232.89990234375,2232.89990234375,2231.199951171875,2231.199951171875,25.0
2020-06-18 14:55:00,2232.949951171875,2232.949951171875,2225.0,2230.0,16.0
2020-06-18 15:00:00,2230.75,2230.75,2230.0,2230.0,7.0
2020-06-18 15:05:00,2227.050048828125,2230.0,2227.050048828125,2229.0,16.0
2020-06-18 15:10:00,2229.0,2229.0,2226.85009765625,2226.85009765625,72.0
2020-06-18 15:15:00,2226.699951171875,2230.0,2225.0,2230.0,123.0
2020-06-18 15:20:00,2229.949951171875,2230.0,2228.0,2229.949951171875,112.0
2020-06-18 15:25:00,2225.0,2231.949951171875,2225.0,2228.699951171875,88.0
2020-06-19 09:15:00,2234.949951171875,2239.85009765625,2217.85009765625,2239.85009765625,0.0
2020-06-19 09:20:00,2238.550048828125,2252.10009765625,2233.050048828125,2233.050048828125,65.0
2020-06-19 09:25:00,2245.0,2257.0,2245.0,2257.0,0.0
2020-06-19 09:30:00,2249.60009765625,2255.949951171875,2249.60009765625,2255.949951171875,69.0
2020-06-19 09:35:00,2250.050048828125,2253.0,2248.050048828125,2248.050048828125,0.0
2020-06-19 09:40:00,2248.050048828125,2248.050048828125,2233.449951171875,2245.0,115.0
2020-06-19 09:45:00,2245.0,2246.85009765625,2245.0,2246.85009765625,10.0
2020-06-19 09:50:00,2245.0,2248.0,2236.10009765625,2245.0,13.0
2020-06-19 09:55:00,2243.64990234375,2246.449951171875,2243.64990234375,2245.0,23.0
2020-06-19 10:00:00,2245.0,2247.550048828125,2238.050048828125,2245.0,13.0
2020-06-19 10:05:00,2245.0,2248.0,2238.949951171875,2244.449951171875,54.0
2020-06-19 10:10:00,2245.0,2245.0,2238.050048828125,2245.0,12.0
2020-06-19 10:15:00,2249.0,2249.0,2239.050048828125,2242.14990234375,275.0
2020-06-19 10:20:00,2242.10009765625,2242.10009765625,2242.10009765625,2242.10009765625,11.0
2020-06-19 10:25:00,2242.10009765625,2245.0,2239.300048828125,2244.85009765625,114.0
2020-06-19 10:30:00,2242.35009765625,2246.300048828125,2239.0,2244.64990234375,123.0
2020-06-19 10:35:00,2244.64990234375,2244.64990234375,2239.0,2244.64990234375,19.0
2020-06-19 10:40:00,2241.300048828125,2242.199951171875,2239.0,2241.199951171875,15.0
2020-06-19 10:45:00,2240.0,2245.89990234375,2240.0,2245.89990234375,1623.0
2020-06-19 10:50:00,2241.64990234375,2241.89990234375,2237.550048828125,2240.75,16.0
2020-06-19 10:55:00,2240.60009765625,2243.699951171875,2237.5,2240.0,19.0
2020-06-19 11:00:00,2240.85009765625,2243.699951171875,2240.85009765625,2240.85009765625,27.0
2020-06-19 11:05:00,2240.85009765625,2240.89990234375,2237.5,2240.199951171875,108.0
2020-06-19 11:10:00,2240.199951171875,2240.25,2237.5,2240.25,16.0
2020-06-19 11:15:00,2240.25,2240.25,2237.550048828125,2240.25,31.0
2020-06-19 11:20:00,2240.25,2240.5,2240.0,2240.25,11.0
2020-06-19 11:25:00,2240.25,2245.64990234375,2240.25,2244.35009765625,11.0
2020-06-19 11:30:00,2244.35009765625,2244.85009765625,2240.0,2240.75,116.0
2020-06-19 11:35:00,2240.75,2240.75,2237.550048828125,2240.60009765625,11.0
2020-06-19 11:40:00,2240.199951171875,2242.949951171875,2239.0,2240.0,13.0
2020-06-19 11:45:00,2242.949951171875,2242.949951171875,2232.0,2239.949951171875,40.0
2020-06-19 11:50:00,2238.699951171875,2239.949951171875,2238.699951171875,2239.949951171875,11.0
2020-06-19 11:55:00,2230.85009765625,2234.5,2230.85009765625,2234.5,132.0
2020-06-19 12:00:00,2234.300048828125,2239.949951171875,2228.85009765625,2228.85009765625,100.0
2020-06-19 12:05:00,2233.699951171875,2233.699951171875,2225.0,2230.0,82.0
2020-06-19 12:10:00,2230.0,2230.5,2227.0,2230.39990234375,11.0
2020-06-19 12:15:00,2230.39990234375,2230.39990234375,2230.0,2230.0,50.0
2020-06-19 12:20:00,2230.0,2233.0,2227.0,2227.0,128.0
2020-06-19 12:25:00,2230.0,2230.0,2230.0,2230.0,212.0
2020-06-19 12:30:00,2232.949951171875,2234.0,2230.0,2232.949951171875,58.0
2020-06-19 12:35:00,2230.0,2232.949951171875,2230.0,2230.0,20.0
2020-06-19 12:40:00,2230.0,2232.89990234375,2230.0,2230.0,10.0
2020-06-19 12:45:00,2232.64990234375,2232.64990234375,2227.0,2227.0,121.0
2020-06-19 12:50:00,2230.0,2230.0,2227.0,2230.0,345.0
2020-06-19 12:55:00,2232.64990234375,2232.64990234375,2229.85009765625,2231.25,11.0
2020-06-19 13:00:00,2232.64990234375,2232.64990234375,2231.14990234375,2231.14990234375,10.0
2020-06-19 13:05:00,2232.550048828125,2232.699951171875,2227.0,2231.300048828125,109.0
2020-06-19 13:10:00,2232.64990234375,2232.699951171875,2230.0,2232.64990234375,22.0
2020-06-19 13:15:00,2232.64990234375,2249.0,2230.0,2230.0,348.0
2020-06-19 13:20:00,2230.39990234375,2230.449951171875,2230.39990234375,2230.449951171875,9.0
2020-06-19 13:25:00,2230.449951171875,2230.449951171875,2230.0,2230.449951171875,212.0
2020-06-19 13:30:00,2230.449951171875,2230.449951171875,2230.0,2230.0,25.0
2020-06-19 13:35:00,2229.0,2230.0,2229.0,2229.10009765625,7.0
2020-06-19 13:40:00,2230.0,2232.60009765625,2229.0,2230.85009765625,14.0
2020-06-19 13:45:00,2230.89990234375,2230.89990234375,2229.0,2230.39990234375,17.0
2020-06-19 13:50:00,2232.60009765625,2236.949951171875,2230.0,2235.0,232.0
2020-06-19 13:55:00,2230.0,2234.699951171875,2230.0,2234.0,356.0
2020-06-19 14:00:00,2230.0,2233.5,2228.0,2232.699951171875,837.0
2020-06-19 14:05:00,2230.0,2232.60009765625,2230.0,2232.39990234375,454.0
2020-06-19 14:10:00,2232.449951171875,2232.449951171875,2230.0,2232.300048828125,358.0
2020-06-19 14:15:00,2230.0,2232.14990234375,2227.0,2229.89990234375,422.0
2020-06-19 14:20:00,2227.75,2232.60009765625,2227.75,2230.0,321.0
2020-06-19 14:25:00,2229.10009765625,2232.25,2227.0,2231.5,383.0
2020-06-19 14:30:00,2227.75,2231.64990234375,2225.0,2227.64990234375,578.0
2020-06-19 14:35:00,2225.0,2234.449951171875,2225.0,2230.449951171875,279.0
2020-06-19 14:40:00,2230.0,2233.0,2230.0,2232.0,494.0
2020-06-19 14:45:00,2230.14990234375,2233.35009765625,2228.14990234375,2232.5,368.0
2020-06-19 14:50:00,2230.0,2232.0,2229.0,2230.0,334.0
2020-06-19 14:55:00,2231.949951171875,2234.0,2227.75,2233.89990234375,612.0
2020-06-19 15:00:00,2230.0,2233.949951171875,2227.10009765625,2233.0,429.0
2020-06-19 15:05:00,2230.0,2233.949951171875,2230.0,2233.300048828125,595.0
2020-06-19 15:10:00,2230.0,2234.699951171875,2228.050048828125,2234.699951171875,364.0
2020-06-19 15:15:00,2230.0,2233.199951171875,2228.300048828125,2230.0,435.0
2020-06-19 15:20:00,2230.0,2238.949951171875,2229.949951171875,2229.949951171875,432.0
2020-06-19 15:25:00,2231.550048828125,2231.550048828125,2228.0,2231.550048828125,297.0
2020-06-22 09:15:00,2232.0,2259.949951171875,2212.64990234375,2259.949951171875,0.0
2020-06-22 09:20:00,2227.5,2230.050048828125,2227.5,2230.050048828125,11.0
2020-06-22 09:25:00,2235.0,2246.35009765625,2230.949951171875,2230.949951171875,5.0
2020-06-22 09:30:00,2243.75,2269.75,2236.10009765625,2236.10009765625,57.0
2020-06-22 09:35:00,2250.0,2250.0,2239.64990234375,2239.64990234375,30.0
2020-06-22 09:40:00,2228.300048828125,2237.949951171875,2228.300048828125,2232.050048828125,48.0
2020-06-22 09:45:00,2235.949951171875,2244.0,2235.449951171875,2243.64990234375,58.0
2020-06-22 09:50:00,2238.14990234375,2238.14990234375,2238.14990234375,2238.14990234375,0.0
2020-06-22 09:55:00,2240.0,2240.0,2226.300048828125,2226.300048828125,111.0
2020-06-22 10:00:00,2230.0,2240.0,2230.0,2239.949951171875,3.0
2020-06-22 10:10:00,2235.449951171875,2239.949951171875,2235.449951171875,2239.89990234375,10.0
2020-06-22 10:15:00,2239.949951171875,2239.949951171875,2239.949951171875,2239.949951171875,25.0
2020-06-22 10:20:00,2239.949951171875,2239.949951171875,2234.949951171875,2234.949951171875,38.0
2020-06-22 10:25:00,2235.0,2235.0,2230.050048828125,2230.050048828125,1.0
2020-06-22 10:30:00,2237.800048828125,2237.800048828125,2230.0,2230.0,24.0
2020-06-22 10:35:00,2235.949951171875,2236.949951171875,2228.25,2228.25,31.0
2020-06-22 10:40:00,2225.699951171875,2230.0,2225.699951171875,2226.050048828125,2.0
2020-06-22 10:45:00,2226.050048828125,2226.050048828125,2226.0,2226.0,10.0
2020-06-22 10:50:00,2226.0,2226.0,2220.0,2220.0,35.0
2020-06-22 10:55:00,2217.0,2225.550048828125,2210.0,2212.050048828125,121.0
2020-06-22 11:00:00,2212.050048828125,2212.050048828125,2212.050048828125,2212.050048828125,0.0
2020-06-22 11:15:00,2222.199951171875,2229.85009765625,2222.199951171875,2229.800048828125,53.0
2020-06-22 11:20:00,2235.0,2235.0,2234.85009765625,2234.85009765625,21.0
2020-06-22 11:25:00,2230.0,2230.0,2230.0,2230.0,2.0
2020-06-22 11:30:00,2223.300048828125,2233.949951171875,2223.300048828125,2230.0,16.0
2020-06-22 11:35:00,2233.35009765625,2233.35009765625,2230.0,2230.0,9.0
2020-06-22 11:40:00,2230.050048828125,2230.050048828125,2228.199951171875,2228.199951171875,49.0
2020-06-22 11:45:00,2220.0,2220.0,2220.0,2220.0,37.0
2020-06-22 11:50:00,2227.949951171875,2227.949951171875,2227.949951171875,2227.949951171875,2.0
2020-06-22 11:55:00,2227.85009765625,2233.35009765625,2227.85009765625,2233.35009765625,48.0
2020-06-22 12:00:00,2230.0,2230.0,2220.5,2220.5,0.0
2020-06-22 12:05:00,2228.39990234375,2228.39990234375,2228.39990234375,2228.39990234375,0.0
2020-06-22 12:10:00,2228.39990234375,2228.39990234375,2215.25,2215.25,32.0
2020-06-22 12:15:00,2229.89990234375,2229.89990234375,2229.85009765625,2229.85009765625,38.0
2020-06-22 12:20:00,2229.85009765625,2229.89990234375,2229.85009765625,2229.89990234375,15.0
2020-06-22 12:25:00,2230.0,2232.89990234375,2229.0,2230.050048828125,34.0
2020-06-22 12:30:00,2229.0,2231.0,2229.0,2229.0,38.0
2020-06-22 12:35:00,2228.949951171875,2228.949951171875,2222.10009765625,2222.14990234375,49.0
2020-06-22 12:40:00,2222.14990234375,2225.0,2222.10009765625,2222.25,108.0
2020-06-22 12:45:00,2225.0,2225.0,2217.300048828125,2217.300048828125,67.0
2020-06-22 12:50:00,2217.300048828125,2219.0,2217.300048828125,2217.39990234375,31.0
2020-06-22 12:55:00,2217.39990234375,2220.0,2217.300048828125,2217.300048828125,26.0
2020-06-22 13:00:00,2217.300048828125,2221.0,2217.300048828125,2217.300048828125,30.0
2020-06-22 13:05:00,2217.300048828125,2217.300048828125,2217.300048828125,2217.300048828125,0.0
2020-06-22 13:10:00,2220.0,2230.0,2220.0,2223.10009765625,81.0
2020-06-22 13:15:00,2230.0,2232.60009765625,2220.0,2220.0,36.0
2020-06-22 13:20:00,2223.050048828125,2223.050048828125,2220.449951171875,2220.449951171875,9.0
2020-06-22 13:25:00,2226.699951171875,2226.699951171875,2226.699951171875,2226.699951171875,1.0
2020-06-22 13:30:00,2227.949951171875,2227.949951171875,2217.300048828125,2217.300048828125,58.0
2020-06-22 13:35:00,2220.14990234375,2220.14990234375,2220.14990234375,2220.14990234375,4.0
2020-06-22 13:40:00,2237.550048828125,2237.550048828125,2223.10009765625,2230.0,38.0
2020-06-22 13:45:00,2230.300048828125,2231.949951171875,2230.0,2230.0,26.0
2020-06-22 14:00:00,2229.0,2231.0,2225.0,2225.0,135.0
2020-06-22 14:05:00,2232.60009765625,2232.60009765625,2225.0,2226.0,62.0
2020-06-22 14:10:00,2225.0,2225.0,2224.0,2224.0,8.0
2020-06-22 14:15:00,2224.89990234375,2224.89990234375,2220.5,2220.5,1.0
2020-06-22 14:20:00,2226.0,2226.0,2225.949951171875,2225.949951171875,11.0
2020-06-22 14:30:00,2224.199951171875,2224.199951171875,2224.199951171875,2224.199951171875,4.0
2020-06-22 14:35:00,2221.199951171875,2221.199951171875,2221.199951171875,2221.199951171875,23.0
2020-06-22 14:40:00,2220.0,2220.0,2220.0,2220.0,43.0
2020-06-22 14:45:00,2215.300048828125,2220.300048828125,2215.300048828125,2215.449951171875,217.0
2020-06-22 14:50:00,2215.25,2220.35009765625,2215.25,2220.35009765625,66.0
2020-06-22 14:55:00,2213.0,2213.0,2211.300048828125,2211.300048828125,65.0
2020-06-22 15:00:00,2219.949951171875,2219.949951171875,2217.699951171875,2217.699951171875,0.0
2020-06-22 15:05:00,2219.949951171875,2219.949951171875,2219.949951171875,2219.949951171875,3.0
2020-06-22 15:10:00,2225.39990234375,2225.39990234375,2225.39990234375,2225.39990234375,15.0
2020-06-22 15:15:00,2226.0,2226.0,2217.800048828125,2226.0,56.0
2020-06-22 15:20:00,2226.0,2226.0,2220.0,2225.949951171875,40.0
2020-06-22 15:25:00,2225.949951171875,2226.0,2223.89990234375,2223.89990234375,52.0
2020-06-23 09:15:00,2235.0,2261.949951171875,2235.0,2235.0,0.0
2020-06-23 09:20:00,2232.10009765625,2247.199951171875,2232.10009765625,2247.199951171875,60.0
2020-06-23 09:25:00,2249.699951171875,2249.699951171875,2225.0,2235.050048828125,93.0
2020-06-23 09:30:00,2241.10009765625,2241.14990234375,2232.10009765625,2235.050048828125,40.0
2020-06-23 09:35:00,2235.050048828125,2235.050048828125,2235.050048828125,2235.050048828125,0.0
2020-06-23 09:40:00,2230.050048828125,2234.75,2225.0,2234.75,36.0
2020-06-23 09:45:00,2228.300048828125,2234.75,2228.300048828125,2234.75,2.0
2020-06-23 09:50:00,2234.800048828125,2234.800048828125,2229.0,2229.0,41.0
2020-06-23 09:55:00,2226.0,2226.0,2191.85009765625,2196.10009765625,260.0
2020-06-23 10:00:00,2214.14990234375,2214.14990234375,2201.39990234375,2201.39990234375,2.0
2020-06-23 10:05:00,2201.449951171875,2225.0,2201.300048828125,2225.0,114.0
2020-06-23 10:10:00,2205.39990234375,2220.25,2205.39990234375,2220.25,7.0
2020-06-23 10:15:00,2223.800048828125,2223.800048828125,2223.800048828125,2223.800048828125,6.0
2020-06-23 10:20:00,2223.949951171875,2223.949951171875,2221.0,2221.0,8.0
2020-06-23 10:25:00,2221.0,2221.0,2221.0,2221.0,10.0
2020-06-23 10:30:00,2222.199951171875,2225.0,2222.199951171875,2225.0,2.0
2020-06-23 10:35:00,2225.0,2225.0,2225.0,2225.0,4.0
2020-06-23 10:40:00,2225.0,2230.75,2221.449951171875,2230.75,136.0
2020-06-23 10:50:00,2230.75,2230.75,2230.75,2230.75,68.0
2020-06-23 11:10:00,2230.0,2233.0,2225.0,2229.949951171875,1490.0
2020-06-23 11:15:00,2230.0,2237.89990234375,2230.0,2230.0,122.0
2020-06-23 11:25:00,2230.0,2230.0,2226.199951171875,2226.199951171875,3.0
2020-06-23 11:30:00,2230.0,2230.0,2230.0,2230.0,10.0
2020-06-23 11:35:00,2227.35009765625,2227.35009765625,2227.35009765625,2227.35009765625,0.0
2020-06-23 11:40:00,2230.0,2230.0,2230.0,2230.0,46.0
2020-06-23 11:45:00,2230.0,2230.0,2230.0,2230.0,13.0
2020-06-23 11:50:00,2235.0,2235.0,2230.0,2230.0,12.0
2020-06-23 11:55:00,2230.0,2230.0,2230.0,2230.0,29.0
2020-06-23 12:00:00,2227.0,2234.89990234375,2227.0,2230.0,48.0
2020-06-23 12:05:00,2234.60009765625,2234.60009765625,2230.0,2230.0,34.0
2020-06-23 12:10:00,2227.050048828125,2227.050048828125,2227.0,2227.0,91.0
2020-06-23 12:15:00,2227.0,2233.89990234375,2227.0,2233.89990234375,10.0
2020-06-23 12:20:00,2233.85009765625,2233.89990234375,2227.050048828125,2230.0,48.0
2020-06-23 12:25:00,2230.0,2232.949951171875,2227.050048828125,2227.050048828125,29.0
2020-06-23 12:35:00,2233.10009765625,2233.10009765625,2233.0,2233.0,13.0
2020-06-23 12:40:00,2233.0,2233.0,2230.0,2230.0,26.0
2020-06-23 12:45:00,2230.0,2230.0,2230.0,2230.0,0.0
2020-06-23 12:50:00,2230.0,2230.0,2230.0,2230.0,9.0
2020-06-23 12:55:00,2233.10009765625,2233.10009765625,2230.050048828125,2230.050048828125,56.0
2020-06-23 13:00:00,2233.10009765625,2233.10009765625,2230.050048828125,2232.949951171875,73.0
2020-06-23 13:05:00,2230.050048828125,2232.949951171875,2229.199951171875,2230.0,60.0
2020-06-23 13:10:00,2230.0,2230.0,2229.14990234375,2229.14990234375,0.0
2020-06-23 13:15:00,2232.0,2232.0,2229.199951171875,2229.199951171875,17.0
2020-06-23 13:20:00,2230.0,2232.89990234375,2229.199951171875,2232.89990234375,32.0
2020-06-23 13:25:00,2230.050048828125,2230.050048828125,2229.199951171875,2229.199951171875,21.0
2020-06-23 13:30:00,2230.0,2232.949951171875,2229.199951171875,2232.75,160.0
2020-06-23 13:35:00,2230.050048828125,2230.050048828125,2230.050048828125,2230.050048828125,0.0
2020-06-23 13:40:00,2232.39990234375,2232.39990234375,2230.0,2230.0,62.0
2020-06-23 13:45:00,2232.0,2232.0,2229.35009765625,2230.0,213.0
2020-06-23 13:50:00,2224.949951171875,2231.25,2224.949951171875,2231.050048828125,113.0
2020-06-23 14:00:00,2220.85009765625,2228.85009765625,2220.85009765625,2228.85009765625,78.0
2020-06-23 14:05:00,2236.0,2236.0,2230.0,2232.10009765625,104.0
2020-06-23 14:15:00,2231.050048828125,2231.050048828125,2230.0,2230.0,16.0
2020-06-23 14:20:00,2232.39990234375,2232.39990234375,2232.300048828125,2232.300048828125,0.0
2020-06-23 14:25:00,2200.0,2224.949951171875,2200.0,2223.949951171875,394.0
2020-06-23 14:30:00,2222.949951171875,2230.0,2222.949951171875,2230.0,69.0
2020-06-23 14:35:00,2230.0,2233.85009765625,2223.60009765625,2232.64990234375,51.0
2020-06-23 14:40:00,2226.0,2232.449951171875,2226.0,2230.0,579.0
2020-06-23 14:45:00,2226.050048828125,2229.949951171875,2226.050048828125,2229.949951171875,10.0
2020-06-23 14:55:00,2229.64990234375,2229.64990234375,2226.050048828125,2226.050048828125,20.0
2020-06-23 15:00:00,2226.0,2229.64990234375,2226.0,2226.050048828125,61.0
2020-06-23 15:05:00,2226.050048828125,2229.949951171875,2226.050048828125,2229.050048828125,72.0
2020-06-23 15:10:00,2229.10009765625,2229.10009765625,2226.0,2226.0,126.0
2020-06-23 15:15:00,2229.699951171875,2229.699951171875,2226.0,2229.10009765625,0.0
2020-06-23 15:20:00,2222.050048828125,2224.949951171875,2222.050048828125,2222.60009765625,44.0
2020-06-23 15:25:00,2223.14990234375,2238.0,2223.0,2228.199951171875,123.0
2020-06-24 09:15:00,2230.0,2239.35009765625,2230.0,2238.199951171875,0.0
2020-06-24 09:20:00,2231.75,2231.75,2231.75,2231.75,0.0
2020-06-24 09:25:00,2250.0,2250.0,2212.199951171875,2230.0,148.0
2020-06-24 09:30:00,2233.35009765625,2233.35009765625,2229.050048828125,2229.050048828125,14.0
2020-06-24 09:40:00,2227.050048828125,2230.0,2227.050048828125,2229.0,121.0
2020-06-24 09:45:00,2226.0,2226.0,2225.75,2225.75,16.0
2020-06-24 09:50:00,2229.949951171875,2238.550048828125,2227.0,2227.0,116.0
2020-06-24 09:55:00,2230.0,2230.0,2229.949951171875,2229.949951171875,31.0
2020-06-24 10:00:00,2224.89990234375,2228.10009765625,2220.0,2228.10009765625,116.0
2020-06-24 10:05:00,2228.10009765625,2229.64990234375,2228.10009765625,2229.64990234375,9.0
2020-06-24 10:10:00,2229.699951171875,2229.699951171875,2225.0,2225.0,10.0
2020-06-24 10:15:00,2225.0,2225.0,2225.0,2225.0,9.0
2020-06-24 10:20:00,2225.0,2228.85009765625,2225.0,2225.64990234375,13.0
2020-06-24 10:25:00,2225.0,2225.0,2225.0,2225.0,87.0
2020-06-24 10:30:00,2225.0,2225.0,2225.0,2225.0,0.0
2020-06-24 10:35:00,2228.449951171875,2229.0,2228.449951171875,2229.0,99.0
2020-06-24 10:40:00,2229.699951171875,2229.699951171875,2229.0,2229.699951171875,9.0
2020-06-24 10:45:00,2229.0,2229.0,2225.0,2225.0,104.0
2020-06-24 10:50:00,2225.0,2225.0,2225.0,2225.0,1.0
2020-06-24 10:55:00,2228.64990234375,2228.64990234375,2222.0,2222.0,46.0
2020-06-24 11:00:00,2222.0,2222.0,2222.0,2222.0,4.0
2020-06-24 11:05:00,2222.0,2227.300048828125,2222.0,2227.300048828125,8.0
2020-06-24 11:10:00,2227.449951171875,2227.449951171875,2225.0,2225.0,54.0
2020-06-24 11:15:00,2225.0,2225.0,2225.0,2225.0,0.0
2020-06-24 11:20:00,2225.0,2225.0,2225.0,2225.0,4.0
2020-06-24 11:25:00,2229.25,2229.25,2229.25,2229.25,0.0
2020-06-24 11:35:00,2225.0,2225.0,2225.0,2225.0,37.0
2020-06-24 11:40:00,2229.0,2229.14990234375,2229.0,2229.14990234375,5.0
2020-06-24 11:45:00,2225.35009765625,2230.0,2225.35009765625,2230.0,29.0
2020-06-24 12:00:00,2228.89990234375,2228.89990234375,2228.89990234375,2228.89990234375,2.0
2020-06-24 12:10:00,2226.25,2227.949951171875,2225.550048828125,2227.949951171875,23.0
2020-06-24 12:15:00,2228.0,2228.0,2228.0,2228.0,4.0
2020-06-24 12:20:00,2228.0,2228.0,2228.0,2228.0,15.0
2020-06-24 12:25:00,2225.550048828125,2229.0,2225.550048828125,2229.0,20.0
2020-06-24 12:30:00,2225.550048828125,2225.550048828125,2225.550048828125,2225.550048828125,4.0
2020-06-24 12:35:00,2225.0,2225.0,2225.0,2225.0,95.0
2020-06-24 12:40:00,2229.0,2230.0,2229.0,2230.0,135.0
2020-06-24 12:50:00,2225.0,2232.0,2225.0,2225.0,15.0
2020-06-24 13:00:00,2225.0,2230.0,2225.0,2230.0,25.0
2020-06-24 13:05:00,2229.949951171875,2229.949951171875,2229.949951171875,2229.949951171875,2.0
2020-06-24 13:10:00,2229.75,2229.75,2229.699951171875,2229.699951171875,17.0
2020-06-24 13:15:00,2229.699951171875,2229.699951171875,2229.699951171875,2229.699951171875,0.0
2020-06-24 13:20:00,2229.699951171875,2230.0,2229.699951171875,2230.0,139.0
2020-06-24 13:30:00,2225.0,2225.0,2225.0,2225.0,56.0
2020-06-24 13:35:00,2225.0,2225.0,2225.0,2225.0,10.0
2020-06-24 13:40:00,2225.0,2228.550048828125,2225.0,2228.550048828125,10.0
2020-06-24 13:45:00,2225.0,2225.0,2220.0,2220.0,169.0
2020-06-24 13:50:00,2220.0,2220.0,2220.0,2220.0,0.0
2020-06-24 13:55:00,2220.0,2220.050048828125,2220.0,2220.050048828125,28.0
2020-06-24 14:00:00,2220.0,2227.199951171875,2220.0,2227.199951171875,29.0
2020-06-24 14:05:00,2225.0,2225.0,2225.0,2225.0,3.0
2020-06-24 14:10:00,2220.10009765625,2220.10009765625,2220.10009765625,2220.10009765625,25.0
2020-06-24 14:15:00,2227.60009765625,2227.60009765625,2227.60009765625,2227.60009765625,0.0
2020-06-24 14:20:00,2228.35009765625,2228.35009765625,2228.35009765625,2228.35009765625,1.0
2020-06-24 14:45:00,2220.050048828125,2220.10009765625,2220.0,2220.10009765625,13.0
2020-06-24 14:50:00,2220.0,2220.0,2220.0,2220.0,43.0
2020-06-24 14:55:00,2217.0,2220.0,2217.0,2220.0,36.0
2020-06-24 15:00:00,2217.0,2219.0,2217.0,2217.199951171875,26.0
2020-06-24 15:05:00,2216.300048828125,2217.0,2216.300048828125,2217.0,197.0
2020-06-24 15:10:00,2217.0,2217.0,2217.0,2217.0,42.0
2020-06-24 15:15:00,2218.800048828125,2218.800048828125,2217.0,2217.0,51.0
2020-06-24 15:20:00,2218.550048828125,2218.550048828125,2215.0,2215.0,137.0
2020-06-24 15:25:00,2217.14990234375,2223.85009765625,2215.0,2223.85009765625,68.0
2020-06-25 09:15:00,2218.0,2218.14990234375,2200.050048828125,2218.0,0.0
2020-06-25 09:20:00,2200.0,2209.0,2200.0,2209.0,87.0
2020-06-25 09:25:00,2200.10009765625,2200.10009765625,2200.10009765625,2200.10009765625,38.0
2020-06-25 09:30:00,2200.0,2204.75,2195.699951171875,2204.75,163.0
2020-06-25 09:35:00,2200.89990234375,2203.300048828125,2200.89990234375,2203.300048828125,5.0
2020-06-25 09:45:00,2209.699951171875,2209.699951171875,2209.699951171875,2209.699951171875,2.0
2020-06-25 09:50:00,2209.0,2209.0,2209.0,2209.0,4.0
2020-06-25 09:55:00,2200.10009765625,2200.10009765625,2200.10009765625,2200.10009765625,55.0
2020-06-25 10:05:00,2208.949951171875,2208.949951171875,2208.949951171875,2208.949951171875,0.0
2020-06-25 10:10:00,2205.0,2205.0,2205.0,2205.0,18.0
2020-06-25 10:15:00,2208.949951171875,2208.949951171875,2208.949951171875,2208.949951171875,0.0
2020-06-25 10:20:00,2205.0,2205.0,2204.949951171875,2205.0,21.0
2020-06-25 10:30:00,2205.0,2205.0,2204.89990234375,2204.949951171875,58.0
2020-06-25 10:35:00,2203.0,2209.0,2200.0,2209.0,709.0
2020-06-25 10:40:00,2212.10009765625,2212.10009765625,2199.0,2200.0,665.0
2020-06-25 10:45:00,2200.0,2209.949951171875,2199.0,2203.35009765625,927.0
2020-06-25 10:50:00,2209.949951171875,2212.0,2209.949951171875,2212.0,17.0
2020-06-25 10:55:00,2212.0,2212.0,2210.0,2210.0,8.0
2020-06-25 11:00:00,2209.949951171875,2209.949951171875,2209.949951171875,2209.949951171875,15.0
2020-06-25 11:10:00,2202.0,2202.0,2202.0,2202.0,9.0
2020-06-25 11:15:00,2209.85009765625,2209.949951171875,2209.0,2209.949951171875,20.0
2020-06-25 11:20:00,2203.050048828125,2203.050048828125,2203.050048828125,2203.050048828125,2.0
2020-06-25 11:25:00,2209.85009765625,2209.949951171875,2209.85009765625,2209.949951171875,12.0
2020-06-25 11:30:00,2209.949951171875,2209.949951171875,2209.949951171875,2209.949951171875,0.0
2020-06-25 11:35:00,2203.449951171875,2203.449951171875,2203.449951171875,2203.449951171875,4.0
2020-06-25 11:40:00,2212.10009765625,2212.10009765625,2210.0,2210.0,269.0
2020-06-25 11:45:00,2209.89990234375,2209.89990234375,2209.89990234375,2209.89990234375,0.0
2020-06-25 11:50:00,2203.10009765625,2203.10009765625,2203.10009765625,2203.10009765625,2.0
2020-06-25 12:10:00,2203.14990234375,2209.60009765625,2203.14990234375,2209.5,3.0
2020-06-25 12:20:00,2203.199951171875,2209.300048828125,2203.199951171875,2209.300048828125,14.0
2020-06-25 12:25:00,2209.300048828125,2209.300048828125,2209.300048828125,2209.300048828125,23.0
2020-06-25 12:35:00,2209.800048828125,2209.800048828125,2209.800048828125,2209.800048828125,7.0
2020-06-25 12:50:00,2208.0,2208.0,2208.0,2208.0,26.0
2020-06-25 13:15:00,2209.0,2209.0,2209.0,2209.0,18.0
2020-06-25 13:20:00,2202.0,2202.0,2202.0,2202.0,10.0
2020-06-25 13:25:00,2204.0,2204.0,2204.0,2204.0,19.0
2020-06-25 13:35:00,2208.25,2208.25,2208.25,2208.25,4.0
2020-06-25 13:40:00,2209.300048828125,2209.300048828125,2209.300048828125,2209.300048828125,0.0
2020-06-25 13:50:00,2209.25,2209.85009765625,2209.25,2209.85009765625,47.0
2020-06-25 13:55:00,2212.0,2212.0,2212.0,2212.0,0.0
2020-06-25 14:05:00,2210.0,2210.0,2210.0,2210.0,0.0
2020-06-25 14:10:00,2210.0,2210.0,2210.0,2210.0,1.0
2020-06-25 14:20:00,2210.0,2210.0,2210.0,2210.0,6.0
2020-06-25 14:30:00,2212.0,2214.550048828125,2212.0,2214.550048828125,10.0
2020-06-25 14:35:00,2209.85009765625,2209.85009765625,2209.85009765625,2209.85009765625,67.0
2020-06-25 14:40:00,2204.0,2204.0,2204.0,2204.0,101.0
2020-06-25 14:45:00,2209.35009765625,2209.35009765625,2209.35009765625,2209.35009765625,2.0
2020-06-25 14:50:00,2201.550048828125,2209.800048828125,2201.550048828125,2209.800048828125,27.0
2020-06-25 14:55:00,2201.0,2209.0,2201.0,2209.0,210.0
2020-06-25 15:00:00,2208.64990234375,2208.64990234375,2208.64990234375,2208.64990234375,0.0
2020-06-25 15:05:00,2208.449951171875,2208.449951171875,2202.25,2202.25,30.0
2020-06-25 15:15:00,2202.0,2212.0,2200.0,2205.0,284.0
2020-06-25 15:20:00,2200.300048828125,2200.300048828125,2200.0,2200.050048828125,14.0
2020-06-25 15:25:00,2200.050048828125,2208.699951171875,2200.0,2202.449951171875,229.0
2020-06-26 09:15:00,2224.0,2224.0,2202.050048828125,2205.300048828125,0.0
2020-06-26 09:20:00,2210.5,2210.5,2210.5,2210.5,6.0
2020-06-26 09:25:00,2215.0,2231.199951171875,2205.300048828125,2231.199951171875,408.0
2020-06-26 09:30:00,2221.050048828125,2231.949951171875,2216.25,2231.85009765625,42.0
2020-06-26 09:35:00,2230.0,2230.0,2230.0,2230.0,35.0
2020-06-26 09:40:00,2231.0,2231.0,2230.0,2230.949951171875,9.0
2020-06-26 09:45:00,2230.0,2230.0,2227.0,2227.0,5.0
2020-06-26 09:50:00,2223.85009765625,2229.949951171875,2223.85009765625,2229.949951171875,5.0
2020-06-26 09:55:00,2229.949951171875,2229.949951171875,2229.949951171875,2229.949951171875,5.0
2020-06-26 10:00:00,2229.89990234375,2229.949951171875,2229.89990234375,2229.949951171875,8.0
2020-06-26 10:10:00,2224.0,2228.0,2218.0,2218.0,80.0
2020-06-26 10:15:00,2224.0,2228.60009765625,2208.5,2213.300048828125,288.0
2020-06-26 10:20:00,2213.300048828125,2213.300048828125,2206.050048828125,2206.050048828125,8.0
2020-06-26 10:25:00,2212.0,2212.0,2212.0,2212.0,0.0
2020-06-26 10:30:00,2216.25,2221.0,2216.25,2221.0,19.0
2020-06-26 10:40:00,2220.0,2220.0,2220.0,2220.0,8.0
2020-06-26 10:45:00,2220.89990234375,2223.449951171875,2220.89990234375,2223.449951171875,30.0
2020-06-26 10:50:00,2223.39990234375,2223.39990234375,2223.39990234375,2223.39990234375,0.0
2020-06-26 10:55:00,2223.0,2223.0,2216.35009765625,2220.949951171875,11.0
2020-06-26 11:00:00,2222.949951171875,2222.949951171875,2222.949951171875,2222.949951171875,0.0
2020-06-26 11:05:00,2216.0,2216.0,2216.0,2216.0,41.0
2020-06-26 11:10:00,2221.0,2221.0,2221.0,2221.0,9.0
2020-06-26 11:25:00,2216.050048828125,2216.050048828125,2208.39990234375,2208.39990234375,43.0
2020-06-26 11:30:00,2211.449951171875,2218.0,2208.5,2218.0,35.0
2020-06-26 11:35:00,2212.050048828125,2212.050048828125,2212.050048828125,2212.050048828125,16.0
2020-06-26 11:40:00,2212.14990234375,2212.25,2212.050048828125,2212.050048828125,19.0
2020-06-26 11:45:00,2217.0,2217.0,2217.0,2217.0,5.0
2020-06-26 11:50:00,2211.0,2211.0,2211.0,2211.0,53.0
2020-06-26 11:55:00,2215.0,2219.0,2215.0,2219.0,0.0
2020-06-26 12:00:00,2216.0,2218.75,2216.0,2218.64990234375,2.0
2020-06-26 12:05:00,2212.050048828125,2212.050048828125,2212.050048828125,2212.050048828125,29.0
2020-06-26 12:15:00,2217.949951171875,2217.949951171875,2217.85009765625,2217.85009765625,1.0
2020-06-26 12:25:00,2210.5,2210.5,2210.0,2210.0,141.0
2020-06-26 12:30:00,2210.0,2210.0,2210.0,2210.0,14.0
2020-06-26 12:40:00,2209.85009765625,2209.85009765625,2209.85009765625,2209.85009765625,19.0
2020-06-26 12:45:00,2206.0,2206.0,2206.0,2206.0,37.0
2020-06-26 12:50:00,2209.800048828125,2209.800048828125,2206.0,2206.0,78.0
2020-06-26 13:15:00,2209.800048828125,2209.800048828125,2209.75,2209.800048828125,10.0
2020-06-26 13:20:00,2210.0,2210.0,2206.0,2206.0,57.0
2020-06-26 13:25:00,2208.050048828125,2210.0,2206.0,2210.0,22.0
2020-06-26 13:30:00,2210.0,2210.0,2210.0,2210.0,18.0
2020-06-26 13:50:00,2210.0,2210.0,2206.050048828125,2210.0,42.0
2020-06-26 13:55:00,2206.10009765625,2206.10009765625,2206.10009765625,2206.10009765625,4.0
2020-06-26 14:05:00,2206.10009765625,2206.10009765625,2206.10009765625,2206.10009765625,2.0
2020-06-26 14:10:00,2210.0,2215.75,2210.0,2215.550048828125,37.0
2020-06-26 14:15:00,2215.550048828125,2215.550048828125,2215.550048828125,2215.550048828125,0.0
2020-06-26 14:20:00,2219.699951171875,2219.699951171875,2214.050048828125,2218.449951171875,26.0
2020-06-26 14:25:00,2214.050048828125,2214.050048828125,2214.050048828125,2214.050048828125,3.0
2020-06-26 14:30:00,2214.0,2218.449951171875,2210.75,2210.75,153.0
2020-06-26 14:45:00,2210.800048828125,2210.800048828125,2210.800048828125,2210.800048828125,1.0
2020-06-26 14:50:00,2215.89990234375,2218.25,2215.89990234375,2218.25,20.0
2020-06-26 14:55:00,2210.85009765625,2210.85009765625,2208.35009765625,2208.35009765625,70.0
2020-06-26 15:00:00,2208.050048828125,2208.050048828125,2208.050048828125,2208.050048828125,15.0
2020-06-26 15:10:00,2212.85009765625,2212.949951171875,2209.64990234375,2212.949951171875,31.0
2020-06-26 15:15:00,2213.699951171875,2214.85009765625,2213.699951171875,2214.85009765625,0.0
2020-06-26 15:20:00,2212.0,2219.10009765625,2210.39990234375,2215.0,30.0
2020-06-26 15:25:00,2219.0,2220.050048828125,2208.0,2216.550048828125,410.0
2020-06-29 09:15:00,2227.0,2227.0,2213.0,2213.0,0.0
2020-06-29 09:20:00,2207.449951171875,2212.5,2207.449951171875,2212.5,22.0
2020-06-29 09:25:00,2215.050048828125,2215.050048828125,2205.0,2214.89990234375,17.0
2020-06-29 09:30:00,2205.0,2205.0,2205.0,2205.0,2.0
2020-06-29 09:40:00,2214.89990234375,2214.89990234375,2214.89990234375,2214.89990234375,4.0
2020-06-29 09:45:00,2214.89990234375,2215.050048828125,2214.89990234375,2215.050048828125,7.0
2020-06-29 09:55:00,2210.050048828125,2210.050048828125,2210.0,2210.0,77.0
2020-06-29 10:05:00,2210.0,2217.0,2210.0,2217.0,13.0
2020-06-29 10:15:00,2217.75,2224.10009765625,2217.75,2224.10009765625,33.0
2020-06-29 10:20:00,2217.0,2224.0,2217.0,2224.0,16.0
2020-06-29 10:25:00,2217.0,2217.0,2217.0,2217.0,18.0
2020-06-29 10:30:00,2223.800048828125,2223.800048828125,2223.800048828125,2223.800048828125,0.0
2020-06-29 10:35:00,2217.89990234375,2217.89990234375,2217.89990234375,2217.89990234375,0.0
2020-06-29 10:40:00,2217.050048828125,2218.050048828125,2216.949951171875,2216.949951171875,36.0
2020-06-29 10:45:00,2217.0,2217.0,2217.0,2217.0,9.0
2020-06-29 10:55:00,2216.949951171875,2216.949951171875,2216.949951171875,2216.949951171875,2.0
2020-06-29 11:00:00,2218.0,2218.0,2218.0,2218.0,10.0
2020-06-29 11:05:00,2218.0,2218.0,2218.0,2218.0,1.0
2020-06-29 11:10:00,2218.0,2218.0,2218.0,2218.0,1.0
2020-06-29 11:30:00,2222.699951171875,2222.699951171875,2222.699951171875,2222.699951171875,3.0
2020-06-29 11:45:00,2222.0,2222.0,2222.0,2222.0,1.0
2020-06-29 12:05:00,2215.25,2220.35009765625,2215.25,2217.10009765625,61.0
2020-06-29 12:10:00,2220.050048828125,2220.050048828125,2220.0,2220.0,13.0
2020-06-29 12:15:00,2220.0,2220.0,2220.0,2220.0,38.0
2020-06-29 12:20:00,2220.0,2221.0,2220.0,2221.0,30.0
2020-06-29 12:25:00,2223.39990234375,2223.39990234375,2223.39990234375,2223.39990234375,0.0
2020-06-29 12:30:00,2223.0,2223.39990234375,2223.0,2223.39990234375,19.0
2020-06-29 12:45:00,2223.39990234375,2223.39990234375,2223.39990234375,2223.39990234375,2.0
2020-06-29 13:05:00,2223.39990234375,2225.0,2223.39990234375,2225.0,27.0
2020-06-29 13:25:00,2225.0,2225.0,2225.0,2225.0,4.0
2020-06-29 13:30:00,2225.0,2225.0,2225.0,2225.0,7.0
2020-06-29 13:35:00,2225.0,2225.0,2222.0,2222.0,25.0
2020-06-29 13:40:00,2222.0,2225.0,2221.050048828125,2225.0,37.0
2020-06-29 13:45:00,2221.0,2221.0,2221.0,2221.0,15.0
2020-06-29 14:00:00,2221.0,2221.0,2221.0,2221.0,5.0
2020-06-29 14:05:00,2224.949951171875,2224.949951171875,2221.0,2221.0,5.0
2020-06-29 14:10:00,2225.0,2225.0,2225.0,2225.0,10.0
2020-06-29 14:15:00,2224.949951171875,2224.949951171875,2224.949951171875,2224.949951171875,0.0
2020-06-29 14:20:00,2221.0,2224.949951171875,2221.0,2221.050048828125,10.0
2020-06-29 14:25:00,2221.0,2221.0,2221.0,2221.0,3.0
2020-06-29 14:30:00,2224.949951171875,2224.949951171875,2224.949951171875,2224.949951171875,0.0
2020-06-29 14:35:00,2224.949951171875,2224.949951171875,2221.35009765625,2221.35009765625,11.0
2020-06-29 14:40:00,2222.0,2222.0,2222.0,2222.0,4.0
2020-06-29 14:45:00,2220.0,2220.0,2220.0,2220.0,261.0
2020-06-29 14:50:00,2221.85009765625,2221.949951171875,2215.64990234375,2215.64990234375,587.0
2020-06-29 14:55:00,2220.0,2220.25,2215.60009765625,2215.60009765625,221.0
2020-06-29 15:05:00,2215.550048828125,2215.550048828125,2215.550048828125,2215.550048828125,117.0
2020-06-29 15:10:00,2220.0,2220.0,2220.0,2220.0,371.0
2020-06-29 15:15:00,2220.0,2220.0,2220.0,2220.0,676.0
2020-06-29 15:20:00,2218.0,2218.300048828125,2218.0,2218.0,0.0
2020-06-29 15:25:00,2218.35009765625,2220.0,2216.199951171875,2219.64990234375,905.0
2020-06-30 09:15:00,2229.949951171875,2240.0,2229.89990234375,2237.949951171875,0.0
2020-06-30 09:20:00,2229.0,2230.0,2228.0,2228.0,22.0
2020-06-30 09:25:00,2235.0,2235.0,2227.39990234375,2227.39990234375,31.0
2020-06-30 09:30:00,2227.0,2227.0,2227.0,2227.0,30.0
2020-06-30 09:35:00,2229.0,2235.10009765625,2229.0,2235.10009765625,24.0
2020-06-30 09:40:00,2240.0,2240.0,2235.10009765625,2235.10009765625,10.0
2020-06-30 09:45:00,2235.0,2240.0,2235.0,2240.0,20.0
2020-06-30 09:50:00,2240.0,2245.60009765625,2239.949951171875,2241.0,141.0
2020-06-30 10:00:00,2241.0,2245.0,2240.14990234375,2240.14990234375,27.0
2020-06-30 10:05:00,2241.89990234375,2241.89990234375,2240.14990234375,2240.14990234375,14.0
2020-06-30 10:10:00,2233.10009765625,2233.10009765625,2233.10009765625,2233.10009765625,7.0
2020-06-30 10:15:00,2233.0,2233.0,2227.10009765625,2227.10009765625,63.0
2020-06-30 10:20:00,2228.10009765625,2234.0,2228.0,2234.0,66.0
2020-06-30 10:25:00,2234.0,2234.0,2227.10009765625,2227.10009765625,130.0
2020-06-30 10:35:00,2230.050048828125,2238.75,2230.050048828125,2238.75,0.0
2020-06-30 10:40:00,2233.10009765625,2233.10009765625,2233.10009765625,2233.10009765625,2.0
2020-06-30 10:45:00,2232.949951171875,2232.949951171875,2230.10009765625,2230.10009765625,13.0
2020-06-30 11:00:00,2230.050048828125,2230.050048828125,2230.050048828125,2230.050048828125,12.0
2020-06-30 11:05:00,2230.050048828125,2232.949951171875,2230.0,2232.85009765625,65.0
2020-06-30 11:20:00,2230.0,2230.0,2230.0,2230.0,55.0
2020-06-30 11:35:00,2232.85009765625,2232.85009765625,2232.85009765625,2232.85009765625,2.0
2020-06-30 11:55:00,2230.050048828125,2230.050048828125,2230.050048828125,2230.050048828125,8.0
2020-06-30 12:00:00,2230.050048828125,2230.050048828125,2230.050048828125,2230.050048828125,0.0
2020-06-30 12:10:00,2230.050048828125,2233.0,2230.050048828125,2233.0,40.0
2020-06-30 12:20:00,2230.300048828125,2230.300048828125,2230.300048828125,2230.300048828125,22.0
2020-06-30 12:25:00,2230.300048828125,2230.300048828125,2230.0,2230.0,179.0
2020-06-30 12:30:00,2230.0,2230.050048828125,2227.199951171875,2227.199951171875,981.0
2020-06-30 12:35:00,2233.699951171875,2233.699951171875,2230.0,2230.0,1112.0
2020-06-30 12:40:00,2230.0,2233.550048828125,2229.0,2229.0,0.0
2020-06-30 12:45:00,2233.800048828125,2233.800048828125,2225.0,2225.0,355.0
2020-06-30 12:50:00,2220.0,2228.0,2220.0,2225.050048828125,121.0
2020-06-30 12:55:00,2228.85009765625,2228.89990234375,2228.85009765625,2228.89990234375,74.0
2020-06-30 13:00:00,2228.85009765625,2228.85009765625,2228.85009765625,2228.85009765625,0.0
2020-06-30 13:15:00,2223.050048828125,2223.050048828125,2223.050048828125,2223.050048828125,38.0
2020-06-30 13:20:00,2223.550048828125,2223.550048828125,2223.550048828125,2223.550048828125,0.0
2020-06-30 13:25:00,2223.5,2223.5,2223.5,2223.5,17.0
2020-06-30 13:30:00,2228.85009765625,2228.85009765625,2228.85009765625,2228.85009765625,0.0
2020-06-30 13:35:00,2228.85009765625,2228.85009765625,2228.85009765625,2228.85009765625,0.0
2020-06-30 13:40:00,2229.0,2229.85009765625,2228.85009765625,2229.85009765625,76.0
2020-06-30 14:05:00,2224.050048828125,2224.050048828125,2224.050048828125,2224.050048828125,9.0
2020-06-30 14:10:00,2230.0,2233.39990234375,2224.0,2226.0,2235.0
2020-06-30 14:15:00,2225.0,2225.0,2206.60009765625,2207.0,1560.0
2020-06-30 14:20:00,2207.0,2229.89990234375,2206.60009765625,2225.550048828125,1482.0
2020-06-30 14:25:00,2225.0,2227.85009765625,2213.0,2215.550048828125,324.0
2020-06-30 14:30:00,2222.949951171875,2227.949951171875,2215.550048828125,2225.0,171.0
2020-06-30 14:35:00,2227.949951171875,2227.949951171875,2216.0,2224.949951171875,134.0
2020-06-30 14:40:00,2219.75,2222.949951171875,2218.199951171875,2219.0,54.0
2020-06-30 14:45:00,2207.0,2222.85009765625,2207.0,2215.25,459.0
2020-06-30 14:50:00,2222.949951171875,2222.949951171875,2215.0,2217.699951171875,119.0
2020-06-30 14:55:00,2219.0,2228.0,2219.0,2220.10009765625,168.0
2020-06-30 15:00:00,2220.10009765625,2220.10009765625,2215.10009765625,2217.0,174.0
2020-06-30 15:05:00,2215.5,2217.0,2213.949951171875,2213.949951171875,131.0
2020-06-30 15:10:00,2214.0,2214.0,2211.949951171875,2211.949951171875,16.0
2020-06-30 15:15:00,2213.949951171875,2213.949951171875,2200.300048828125,2202.60009765625,389.0
2020-06-30 15:20:00,2202.60009765625,2213.35009765625,2202.60009765625,2211.0,159.0
2020-06-30 15:25:00,2212.0,2219.0,2207.14990234375,2210.25,0.0
2020-07-01 09:15:00,2182.199951171875,2215.10009765625,2182.199951171875,2211.60009765625,369.0
2020-07-01 09:20:00,2210.0,2210.0,2210.0,2210.0,21.0
2020-07-01 09:25:00,2210.050048828125,2217.699951171875,2210.0,2212.300048828125,169.0
2020-07-01 09:30:00,2212.39990234375,2217.050048828125,2210.0,2210.0,53.0
2020-07-01 09:40:00,2210.050048828125,2210.050048828125,2210.0,2210.050048828125,63.0
2020-07-01 09:45:00,2213.60009765625,2213.60009765625,2210.0,2212.949951171875,4.0
2020-07-01 09:50:00,2212.949951171875,2212.949951171875,2210.0,2210.949951171875,19.0
2020-07-01 09:55:00,2210.0,2211.0,2210.0,2211.0,109.0
2020-07-01 10:00:00,2207.050048828125,2207.050048828125,2207.0,2207.0,40.0
2020-07-01 10:05:00,2210.699951171875,2211.0,2207.0,2211.0,11.0
2020-07-01 10:10:00,2210.699951171875,2210.699951171875,2210.699951171875,2210.699951171875,2.0
2020-07-01 10:15:00,2203.550048828125,2211.0,2203.550048828125,2210.949951171875,184.0
2020-07-01 10:20:00,2211.0,2211.0,2211.0,2211.0,20.0
2020-07-01 10:25:00,2204.25,2204.25,2203.300048828125,2203.300048828125,271.0
2020-07-01 10:30:00,2210.699951171875,2210.699951171875,2203.300048828125,2203.300048828125,0.0
2020-07-01 10:35:00,2195.60009765625,2200.050048828125,2195.60009765625,2200.050048828125,530.0
2020-07-01 10:45:00,2200.050048828125,2206.699951171875,2200.050048828125,2206.699951171875,17.0
2020-07-01 10:50:00,2206.60009765625,2206.60009765625,2193.300048828125,2193.300048828125,150.0
2020-07-01 10:55:00,2193.300048828125,2212.300048828125,2188.0,2212.300048828125,252.0
2020-07-01 11:00:00,2201.699951171875,2208.949951171875,2200.0,2202.949951171875,59.0
2020-07-01 11:05:00,2195.949951171875,2195.949951171875,2195.949951171875,2195.949951171875,0.0
2020-07-01 11:10:00,2187.949951171875,2191.800048828125,2187.949951171875,2190.0,155.0
2020-07-01 11:15:00,2194.699951171875,2194.699951171875,2194.5,2194.5,44.0
2020-07-01 11:20:00,2194.89990234375,2194.89990234375,2190.300048828125,2190.300048828125,24.0
2020-07-01 11:25:00,2195.0,2200.050048828125,2195.0,2195.0,357.0
2020-07-01 11:30:00,2195.0,2199.0,2193.0,2193.10009765625,394.0
2020-07-01 11:35:00,2191.0,2199.10009765625,2190.0,2190.0,556.0
2020-07-01 11:40:00,2188.050048828125,2195.449951171875,2180.050048828125,2180.10009765625,631.0
2020-07-01 11:45:00,2179.0,2180.0,2175.0,2180.0,201.0
2020-07-01 11:50:00,2179.10009765625,2180.0,2175.449951171875,2180.0,108.0
2020-07-01 11:55:00,2180.0,2180.0,2175.550048828125,2179.85009765625,131.0
2020-07-01 12:00:00,2180.0,2180.0,2180.0,2180.0,134.0
2020-07-01 12:05:00,2185.0,2190.0,2185.0,2185.0,37.0
2020-07-01 12:10:00,2185.0,2192.949951171875,2185.0,2185.050048828125,22.0
2020-07-01 12:15:00,2180.300048828125,2180.300048828125,2180.300048828125,2180.300048828125,41.0
2020-07-01 12:20:00,2188.0,2189.10009765625,2188.0,2189.10009765625,18.0
2020-07-01 12:35:00,2188.0,2188.0,2188.0,2188.0,5.0
2020-07-01 12:40:00,2186.050048828125,2189.949951171875,2186.050048828125,2189.949951171875,30.0
2020-07-01 12:45:00,2185.0,2185.0,2185.0,2185.0,8.0
2020-07-01 12:50:00,2185.0,2185.0,2182.550048828125,2182.550048828125,7.0
2020-07-01 12:55:00,2183.0,2183.0,2183.0,2183.0,9.0
2020-07-01 13:00:00,2185.0,2185.0,2185.0,2185.0,0.0
2020-07-01 13:05:00,2185.0,2185.0,2184.949951171875,2184.949951171875,17.0
2020-07-01 13:10:00,2185.0,2185.0,2185.0,2185.0,54.0
2020-07-01 13:15:00,2185.0,2185.0,2185.0,2185.0,0.0
2020-07-01 13:20:00,2185.0,2190.0,2185.0,2190.0,161.0
2020-07-01 13:25:00,2190.0,2190.0,2189.300048828125,2189.300048828125,0.0
2020-07-01 13:30:00,2189.300048828125,2189.300048828125,2189.300048828125,2189.300048828125,5.0
2020-07-01 13:40:00,2190.0,2190.0,2183.60009765625,2183.60009765625,55.0
2020-07-01 13:55:00,2183.699951171875,2189.60009765625,2183.699951171875,2189.60009765625,18.0
2020-07-01 14:05:00,2188.699951171875,2188.699951171875,2188.64990234375,2188.64990234375,91.0
2020-07-01 14:10:00,2188.64990234375,2199.5,2183.699951171875,2198.800048828125,159.0
2020-07-01 14:15:00,2190.75,2191.050048828125,2190.75,2191.050048828125,0.0
2020-07-01 14:20:00,2190.5,2190.5,2190.5,2190.5,14.0
2020-07-01 14:25:00,2187.800048828125,2187.800048828125,2185.39990234375,2185.39990234375,26.0
2020-07-01 14:30:00,2192.89990234375,2192.89990234375,2185.60009765625,2185.60009765625,1.0
2020-07-01 14:35:00,2192.89990234375,2192.89990234375,2192.89990234375,2192.89990234375,6.0
2020-07-01 14:40:00,2192.89990234375,2195.89990234375,2192.89990234375,2195.89990234375,12.0
2020-07-01 14:45:00,2192.050048828125,2192.050048828125,2187.0,2190.35009765625,45.0
2020-07-01 14:50:00,2185.10009765625,2185.10009765625,2185.10009765625,2185.10009765625,282.0
2020-07-01 14:55:00,2185.10009765625,2185.10009765625,2185.10009765625,2185.10009765625,8.0
2020-07-01 15:00:00,2191.050048828125,2191.050048828125,2186.949951171875,2186.949951171875,18.0
2020-07-01 15:05:00,2189.85009765625,2189.85009765625,2185.10009765625,2188.949951171875,84.0
2020-07-01 15:10:00,2189.0,2189.0,2180.300048828125,2180.300048828125,127.0
2020-07-01 15:15:00,2180.64990234375,2189.0,2180.64990234375,2189.0,72.0
2020-07-01 15:20:00,2181.949951171875,2191.949951171875,2181.14990234375,2185.0,350.0
2020-07-01 15:25:00,2185.0,2195.0,2185.0,2185.14990234375,0.0
2020-07-02 09:15:00,2175.0,2185.14990234375,2175.0,2185.10009765625,15.0
2020-07-02 09:20:00,2185.14990234375,2185.14990234375,2177.60009765625,2184.5,12.0
2020-07-02 09:25:00,2184.75,2185.14990234375,2180.0,2184.89990234375,872.0
2020-07-02 09:30:00,2183.050048828125,2184.39990234375,2180.0,2184.39990234375,41.0
2020-07-02 09:35:00,2181.35009765625,2183.5,2181.35009765625,2183.449951171875,18.0
2020-07-02 09:40:00,2181.10009765625,2184.89990234375,2172.10009765625,2183.300048828125,432.0
2020-07-02 09:45:00,2165.050048828125,2193.0,2163.050048828125,2193.0,860.0
2020-07-02 09:50:00,2186.39990234375,2199.0,2186.39990234375,2190.35009765625,27.0
2020-07-02 09:55:00,2191.39990234375,2191.64990234375,2191.050048828125,2191.050048828125,16.0
2020-07-02 10:00:00,2190.35009765625,2194.949951171875,2190.35009765625,2191.0,29.0
2020-07-02 10:10:00,2190.449951171875,2193.300048828125,2190.35009765625,2190.35009765625,11.0
2020-07-02 10:15:00,2195.0,2195.0,2190.199951171875,2190.199951171875,78.0
2020-07-02 10:25:00,2193.35009765625,2193.35009765625,2193.35009765625,2193.35009765625,12.0
2020-07-02 10:30:00,2193.0,2193.0,2193.0,2193.0,0.0
2020-07-02 10:35:00,2193.5,2193.5,2193.5,2193.5,16.0
2020-07-02 10:40:00,2192.0,2192.0,2190.0,2190.0,7.0
2020-07-02 10:50:00,2192.0,2192.0,2186.050048828125,2186.050048828125,20.0
2020-07-02 10:55:00,2185.35009765625,2185.39990234375,2185.35009765625,2185.39990234375,50.0
2020-07-02 11:00:00,2185.39990234375,2189.449951171875,2185.39990234375,2189.449951171875,6.0
2020-07-02 11:10:00,2185.550048828125,2185.550048828125,2185.550048828125,2185.550048828125,23.0
2020-07-02 11:15:00,2186.050048828125,2186.050048828125,2186.050048828125,2186.050048828125,0.0
2020-07-02 11:20:00,2186.050048828125,2186.050048828125,2186.050048828125,2186.050048828125,62.0
2020-07-02 11:25:00,2186.050048828125,2189.5,2185.550048828125,2185.550048828125,43.0
2020-07-02 11:35:00,2185.550048828125,2185.550048828125,2185.550048828125,2185.550048828125,7.0
2020-07-02 11:45:00,2185.550048828125,2185.550048828125,2185.0,2185.0,64.0
2020-07-02 11:50:00,2197.0,2197.0,2197.0,2197.0,52.0
2020-07-02 11:55:00,2187.050048828125,2187.050048828125,2187.050048828125,2187.050048828125,9.0
2020-07-02 12:05:00,2185.39990234375,2185.39990234375,2185.39990234375,2185.39990234375,0.0
2020-07-02 12:10:00,2191.949951171875,2192.0,2185.60009765625,2192.0,25.0
2020-07-02 12:15:00,2193.949951171875,2193.949951171875,2193.949951171875,2193.949951171875,4.0
2020-07-02 12:20:00,2193.0,2194.0,2193.0,2194.0,33.0
2020-07-02 12:25:00,2194.64990234375,2194.64990234375,2187.550048828125,2194.35009765625,57.0
2020-07-02 12:30:00,2194.64990234375,2194.64990234375,2194.64990234375,2194.64990234375,15.0
2020-07-02 12:35:00,2194.699951171875,2204.050048828125,2194.699951171875,2197.0,413.0
2020-07-02 12:40:00,2199.75,2199.949951171875,2191.0,2191.0,10.0
2020-07-02 13:05:00,2191.0,2191.0,2191.0,2191.0,4.0
2020-07-02 13:10:00,2187.35009765625,2188.0,2187.35009765625,2187.35009765625,13.0
2020-07-02 13:30:00,2190.949951171875,2190.949951171875,2190.949951171875,2190.949951171875,25.0
2020-07-02 13:40:00,2189.949951171875,2189.949951171875,2189.949951171875,2189.949951171875,2.0
2020-07-02 13:45:00,2190.0,2190.0,2190.0,2190.0,46.0
2020-07-02 13:50:00,2189.949951171875,2189.949951171875,2189.949951171875,2189.949951171875,0.0
2020-07-02 13:55:00,2189.949951171875,2189.949951171875,2185.0,2185.0,266.0
2020-07-02 14:00:00,2185.449951171875,2185.449951171875,2185.449951171875,2185.449951171875,0.0
2020-07-02 14:05:00,2185.39990234375,2185.39990234375,2185.39990234375,2185.39990234375,14.0
2020-07-02 14:10:00,2189.85009765625,2189.85009765625,2189.85009765625,2189.85009765625,8.0
2020-07-02 14:15:00,2189.699951171875,2189.699951171875,2189.699951171875,2189.699951171875,2.0
2020-07-02 14:20:00,2189.800048828125,2189.800048828125,2189.800048828125,2189.800048828125,4.0
2020-07-02 14:30:00,2189.800048828125,2198.0,2189.800048828125,2198.0,433.0
2020-07-02 14:35:00,2195.5,2195.5,2195.0,2195.0,5.0
2020-07-02 14:40:00,2197.449951171875,2197.449951171875,2190.0,2190.0,18.0
2020-07-02 14:45:00,2190.050048828125,2190.050048828125,2190.0,2190.0,38.0
2020-07-02 14:50:00,2190.0,2190.0,2190.0,2190.0,26.0
2020-07-02 14:55:00,2185.10009765625,2185.10009765625,2185.10009765625,2185.10009765625,6.0
2020-07-02 15:00:00,2194.949951171875,2196.0,2189.35009765625,2190.0,39.0
2020-07-02 15:10:00,2185.0,2185.0,2180.5,2182.449951171875,64.0
2020-07-02 15:15:00,2183.0,2184.0,2183.0,2184.0,35.0
2020-07-02 15:20:00,2184.0,2184.0,2180.5,2182.050048828125,33.0
2020-07-02 15:25:00,2182.050048828125,2188.0,2161.050048828125,2178.449951171875,259.0
2020-07-03 09:15:00,2171.550048828125,2189.35009765625,2171.550048828125,2174.5,0.0
2020-07-03 09:20:00,2174.0,2174.0,2173.949951171875,2174.0,72.0
2020-07-03 09:25:00,2175.050048828125,2184.949951171875,2175.050048828125,2182.449951171875,0.0
2020-07-03 09:30:00,2175.800048828125,2175.800048828125,2175.800048828125,2175.800048828125,0.0
2020-07-03 09:35:00,2180.0,2184.0,2180.0,2183.949951171875,16.0
2020-07-03 09:40:00,2180.050048828125,2184.0,2180.050048828125,2180.050048828125,6.0
2020-07-03 09:50:00,2183.949951171875,2183.949951171875,2183.949951171875,2183.949951171875,2.0
2020-07-03 09:55:00,2184.0,2189.949951171875,2180.449951171875,2181.449951171875,49.0
2020-07-03 10:00:00,2189.85009765625,2189.85009765625,2189.85009765625,2189.85009765625,8.0
2020-07-03 10:05:00,2186.050048828125,2197.449951171875,2186.050048828125,2197.449951171875,31.0
2020-07-03 10:10:00,2196.949951171875,2196.949951171875,2196.949951171875,2196.949951171875,1.0
2020-07-03 10:15:00,2196.949951171875,2196.949951171875,2186.0,2186.0,15.0
2020-07-03 10:20:00,2198.0,2198.0,2198.0,2198.0,60.0
2020-07-03 10:25:00,2197.949951171875,2197.949951171875,2197.0,2197.949951171875,0.0
2020-07-03 10:30:00,2197.949951171875,2198.0,2197.949951171875,2198.0,37.0
2020-07-03 10:35:00,2188.0,2188.0,2186.300048828125,2186.300048828125,51.0
2020-07-03 10:45:00,2193.5,2193.5,2192.949951171875,2193.0,14.0
2020-07-03 10:50:00,2198.699951171875,2198.699951171875,2198.699951171875,2198.699951171875,92.0
2020-07-03 10:55:00,2198.449951171875,2198.449951171875,2198.449951171875,2198.449951171875,1.0
2020-07-03 11:00:00,2198.449951171875,2198.449951171875,2198.449951171875,2198.449951171875,0.0
2020-07-03 11:05:00,2198.449951171875,2198.449951171875,2198.449951171875,2198.449951171875,39.0
2020-07-03 11:15:00,2189.10009765625,2189.10009765625,2187.60009765625,2187.60009765625,0.0
2020-07-03 11:25:00,2198.0,2198.0,2197.949951171875,2197.949951171875,21.0
2020-07-03 11:35:00,2197.89990234375,2197.89990234375,2192.0,2192.0,17.0
2020-07-03 11:40:00,2192.10009765625,2192.10009765625,2190.0,2190.0,22.0
2020-07-03 11:45:00,2189.39990234375,2190.0,2189.35009765625,2190.0,32.0
2020-07-03 11:50:00,2188.5,2188.5,2188.0,2188.0,18.0
2020-07-03 12:05:00,2183.0,2190.0,2183.0,2190.0,172.0
2020-07-03 12:10:00,2182.699951171875,2190.0,2182.699951171875,2190.0,0.0
2020-07-03 12:15:00,2190.0,2190.0,2190.0,2190.0,6.0
2020-07-03 12:20:00,2185.300048828125,2185.300048828125,2185.14990234375,2185.14990234375,3.0
2020-07-03 12:25:00,2190.0,2194.050048828125,2190.0,2194.050048828125,16.0
2020-07-03 12:30:00,2194.050048828125,2194.050048828125,2194.050048828125,2194.050048828125,0.0
2020-07-03 12:35:00,2181.449951171875,2181.449951171875,2181.449951171875,2181.449951171875,49.0
2020-07-03 12:40:00,2180.050048828125,2192.550048828125,2180.050048828125,2192.550048828125,47.0
2020-07-03 12:45:00,2188.699951171875,2188.699951171875,2188.699951171875,2188.699951171875,0.0
2020-07-03 12:55:00,2188.60009765625,2188.60009765625,2180.050048828125,2180.050048828125,57.0
2020-07-03 13:00:00,2180.050048828125,2180.050048828125,2180.050048828125,2180.050048828125,33.0
2020-07-03 13:10:00,2181.0,2181.0,2181.0,2181.0,1.0
2020-07-03 13:30:00,2184.0,2185.0,2184.0,2185.0,7.0
2020-07-03 13:35:00,2184.0,2185.0,2184.0,2185.0,9.0
2020-07-03 13:40:00,2185.800048828125,2186.0,2185.800048828125,2186.0,6.0
2020-07-03 13:50:00,2186.25,2186.300048828125,2186.25,2186.300048828125,36.0
2020-07-03 13:55:00,2186.300048828125,2186.300048828125,2186.300048828125,2186.300048828125,3.0
2020-07-03 14:05:00,2182.050048828125,2182.050048828125,2182.050048828125,2182.050048828125,4.0
2020-07-03 14:10:00,2186.14990234375,2186.25,2186.14990234375,2186.25,6.0
2020-07-03 14:15:00,2182.5,2187.25,2182.5,2187.25,35.0
2020-07-03 14:30:00,2190.0,2190.0,2190.0,2190.0,5.0
2020-07-03 14:40:00,2190.0,2190.0,2190.0,2190.0,31.0
2020-07-03 14:55:00,2194.0,2197.0,2190.0,2190.0,300.0
2020-07-03 15:00:00,2195.050048828125,2198.0,2190.050048828125,2197.75,95.0
2020-07-03 15:05:00,2191.14990234375,2197.0,2191.14990234375,2197.0,25.0
2020-07-03 15:10:00,2196.949951171875,2197.0,2191.449951171875,2191.5,69.0
2020-07-03 15:15:00,2191.5,2197.300048828125,2191.5,2197.10009765625,32.0
2020-07-03 15:20:00,2196.89990234375,2199.0,2182.5,2198.949951171875,156.0
2020-07-03 15:25:00,2198.89990234375,2199.0,2195.300048828125,2195.300048828125,39.0
2020-07-06 09:15:00,2210.0,2210.0,2198.0,2207.949951171875,0.0
2020-07-06 09:20:00,2209.85009765625,2209.85009765625,2200.10009765625,2200.14990234375,17.0
2020-07-06 09:25:00,2197.60009765625,2201.0,2196.0,2197.550048828125,34.0
2020-07-06 09:30:00,2204.800048828125,2204.949951171875,2204.800048828125,2204.949951171875,13.0
2020-07-06 09:35:00,2205.0,2205.0,2200.199951171875,2200.199951171875,8.0
2020-07-06 09:40:00,2200.199951171875,2204.0,2200.199951171875,2204.0,20.0
2020-07-06 09:45:00,2190.050048828125,2190.14990234375,2190.050048828125,2190.14990234375,50.0
2020-07-06 09:50:00,2201.85009765625,2201.85009765625,2190.050048828125,2190.050048828125,20.0
2020-07-06 09:55:00,2187.800048828125,2187.800048828125,2186.699951171875,2186.699951171875,21.0
2020-07-06 10:00:00,2185.14990234375,2185.14990234375,2185.10009765625,2185.10009765625,36.0
2020-07-06 10:05:00,2189.89990234375,2191.300048828125,2185.550048828125,2185.550048828125,22.0
2020-07-06 10:10:00,2190.0,2190.0,2185.0,2185.0,31.0
2020-07-06 10:15:00,2190.0,2190.0,2190.0,2190.0,9.0
2020-07-06 10:20:00,2185.0,2185.0,2184.0,2184.0,57.0
2020-07-06 10:25:00,2183.0,2184.0,2183.0,2184.0,49.0
2020-07-06 10:30:00,2184.0,2189.550048828125,2183.0,2189.550048828125,175.0
2020-07-06 10:35:00,2189.75,2189.75,2189.0,2189.0,8.0
2020-07-06 10:40:00,2184.10009765625,2188.949951171875,2184.10009765625,2188.949951171875,0.0
2020-07-06 10:45:00,2189.0,2189.64990234375,2189.0,2189.64990234375,4.0
2020-07-06 10:50:00,2189.699951171875,2189.699951171875,2189.699951171875,2189.699951171875,10.0
2020-07-06 10:55:00,2189.699951171875,2189.699951171875,2189.699951171875,2189.699951171875,0.0
2020-07-06 11:05:00,2189.699951171875,2190.0,2189.699951171875,2190.0,45.0
2020-07-06 11:10:00,2195.0,2200.0,2195.0,2200.0,60.0
2020-07-06 11:15:00,2205.0,2205.0,2204.949951171875,2204.949951171875,47.0
2020-07-06 11:20:00,2204.949951171875,2204.949951171875,2204.949951171875,2204.949951171875,90.0
2020-07-06 11:25:00,2204.949951171875,2204.949951171875,2204.949951171875,2204.949951171875,0.0
2020-07-06 11:30:00,2204.949951171875,2204.949951171875,2200.050048828125,2200.050048828125,6.0
2020-07-06 11:45:00,2200.0,2200.0,2200.0,2200.0,7.0
2020-07-06 11:50:00,2204.89990234375,2204.89990234375,2204.89990234375,2204.89990234375,2.0
2020-07-06 11:55:00,2200.89990234375,2200.89990234375,2200.89990234375,2200.89990234375,2.0
2020-07-06 12:05:00,2200.89990234375,2200.89990234375,2200.89990234375,2200.89990234375,8.0
2020-07-06 12:10:00,2200.0,2200.89990234375,2200.0,2200.85009765625,41.0
2020-07-06 12:15:00,2200.0,2200.0,2200.0,2200.0,2.0
2020-07-06 12:20:00,2199.949951171875,2199.949951171875,2199.949951171875,2199.949951171875,10.0
2020-07-06 12:25:00,2199.949951171875,2199.949951171875,2192.550048828125,2192.550048828125,29.0
2020-07-06 12:30:00,2192.050048828125,2192.050048828125,2190.050048828125,2190.050048828125,28.0
2020-07-06 12:35:00,2192.050048828125,2192.050048828125,2190.0,2190.0,22.0
2020-07-06 12:40:00,2190.0,2190.0,2190.0,2190.0,11.0
2020-07-06 12:45:00,2192.050048828125,2192.050048828125,2192.050048828125,2192.050048828125,0.0
2020-07-06 12:50:00,2193.25,2193.25,2193.25,2193.25,2.0
2020-07-06 12:55:00,2194.949951171875,2194.949951171875,2194.89990234375,2194.89990234375,6.0
2020-07-06 13:00:00,2194.89990234375,2194.949951171875,2194.89990234375,2194.949951171875,26.0
2020-07-06 13:05:00,2194.949951171875,2199.949951171875,2194.949951171875,2199.949951171875,39.0
2020-07-06 13:10:00,2199.89990234375,2199.89990234375,2199.800048828125,2199.800048828125,0.0
2020-07-06 13:25:00,2198.0,2198.0,2190.0,2190.0,72.0
2020-07-06 13:30:00,2198.0,2198.0,2198.0,2198.0,0.0
2020-07-06 13:35:00,2194.5,2194.5,2194.5,2194.5,4.0
2020-07-06 13:40:00,2197.550048828125,2197.550048828125,2190.0,2190.0,24.0
2020-07-06 13:45:00,2194.300048828125,2194.300048828125,2194.300048828125,2194.300048828125,0.0
2020-07-06 13:55:00,2194.35009765625,2194.35009765625,2194.35009765625,2194.35009765625,2.0
2020-07-06 14:15:00,2194.35009765625,2194.5,2194.35009765625,2194.5,18.0
2020-07-06 14:20:00,2194.5,2194.5,2185.0,2185.0,88.0
2020-07-06 14:25:00,2193.949951171875,2193.949951171875,2187.550048828125,2187.550048828125,7.0
2020-07-06 14:30:00,2185.0,2192.25,2185.0,2192.25,24.0
2020-07-06 14:35:00,2191.89990234375,2191.89990234375,2191.89990234375,2191.89990234375,2.0
2020-07-06 14:40:00,2191.89990234375,2191.89990234375,2191.89990234375,2191.89990234375,3.0
2020-07-06 14:45:00,2197.449951171875,2197.449951171875,2191.050048828125,2191.050048828125,48.0
2020-07-06 14:50:00,2198.0,2198.0,2197.85009765625,2197.85009765625,9.0
2020-07-06 14:55:00,2197.85009765625,2197.85009765625,2197.85009765625,2197.85009765625,6.0
2020-07-06 15:00:00,2192.949951171875,2192.949951171875,2192.949951171875,2192.949951171875,0.0
2020-07-06 15:05:00,2197.699951171875,2197.699951171875,2197.699951171875,2197.699951171875,0.0
2020-07-06 15:10:00,2197.75,2197.75,2197.75,2197.75,8.0
2020-07-06 15:15:00,2197.75,2198.0,2191.60009765625,2191.60009765625,37.0
2020-07-06 15:20:00,2193.64990234375,2193.64990234375,2190.199951171875,2190.199951171875,67.0
2020-07-06 15:25:00,2190.050048828125,2198.0,2170.0,2184.64990234375,311.0
2020-07-07 09:15:00,2185.14990234375,2195.300048828125,2180.0,2180.0,0.0
2020-07-07 09:20:00,2179.949951171875,2180.0,2170.199951171875,2170.199951171875,589.0
2020-07-07 09:25:00,2175.0,2192.300048828125,2175.0,2192.300048828125,47.0
2020-07-07 09:30:00,2194.949951171875,2194.949951171875,2194.949951171875,2194.949951171875,15.0
2020-07-07 09:35:00,2194.60009765625,2194.699951171875,2194.60009765625,2194.699951171875,101.0
2020-07-07 09:40:00,2194.64990234375,2194.64990234375,2190.10009765625,2192.300048828125,22.0
2020-07-07 09:45:00,2189.050048828125,2189.050048828125,2188.0,2188.0,38.0
2020-07-07 09:50:00,2189.89990234375,2189.89990234375,2182.550048828125,2182.550048828125,3.0
2020-07-07 09:55:00,2182.550048828125,2182.60009765625,2182.550048828125,2182.60009765625,10.0
2020-07-07 10:00:00,2188.949951171875,2189.0,2188.949951171875,2189.0,6.0
2020-07-07 10:05:00,2189.89990234375,2198.0,2189.89990234375,2198.0,320.0
2020-07-07 10:10:00,2195.0,2201.0,2195.0,2195.0,56.0
2020-07-07 10:15:00,2205.0,2205.0,2205.0,2205.0,93.0
2020-07-07 10:20:00,2203.949951171875,2205.0,2203.949951171875,2205.0,0.0
2020-07-07 10:25:00,2204.0,2204.0,2204.0,2204.0,5.0
2020-07-07 10:30:00,2197.550048828125,2200.0,2197.550048828125,2200.0,20.0
2020-07-07 10:35:00,2203.0,2203.0,2200.050048828125,2200.050048828125,9.0
2020-07-07 10:45:00,2200.0,2200.0,2200.0,2200.0,2.0
2020-07-07 10:50:00,2202.800048828125,2202.800048828125,2202.800048828125,2202.800048828125,24.0
2020-07-07 10:55:00,2198.14990234375,2198.14990234375,2198.14990234375,2198.14990234375,4.0
2020-07-07 11:00:00,2202.75,2202.75,2200.050048828125,2200.050048828125,7.0
2020-07-07 11:05:00,2202.75,2202.75,2200.050048828125,2200.050048828125,2.0
2020-07-07 11:10:00,2190.550048828125,2190.550048828125,2190.0,2190.050048828125,104.0
2020-07-07 11:15:00,2190.0,2196.35009765625,2190.0,2190.14990234375,21.0
2020-07-07 11:20:00,2190.10009765625,2190.10009765625,2190.10009765625,2190.10009765625,1.0
2020-07-07 11:30:00,2191.0,2191.0,2191.0,2191.0,1.0
2020-07-07 11:35:00,2196.300048828125,2196.300048828125,2196.300048828125,2196.300048828125,15.0
2020-07-07 11:50:00,2197.449951171875,2197.449951171875,2197.449951171875,2197.449951171875,22.0
2020-07-07 11:55:00,2199.89990234375,2199.89990234375,2199.89990234375,2199.89990234375,0.0
2020-07-07 12:00:00,2199.800048828125,2199.800048828125,2199.800048828125,2199.800048828125,0.0
2020-07-07 12:05:00,2199.800048828125,2199.800048828125,2199.800048828125,2199.800048828125,20.0
2020-07-07 12:15:00,2199.699951171875,2199.699951171875,2199.699951171875,2199.699951171875,0.0
2020-07-07 12:20:00,2199.699951171875,2199.699951171875,2199.699951171875,2199.699951171875,0.0
2020-07-07 12:30:00,2199.699951171875,2199.699951171875,2199.699951171875,2199.699951171875,1.0
2020-07-07 12:40:00,2191.60009765625,2199.89990234375,2191.60009765625,2199.89990234375,18.0
2020-07-07 12:45:00,2204.0,2204.699951171875,2204.0,2204.699951171875,71.0
2020-07-07 12:50:00,2198.14990234375,2204.699951171875,2195.050048828125,2195.60009765625,97.0
2020-07-07 12:55:00,2195.60009765625,2202.199951171875,2195.60009765625,2202.199951171875,21.0
2020-07-07 13:00:00,2202.39990234375,2202.39990234375,2202.39990234375,2202.39990234375,0.0
2020-07-07 13:10:00,2198.0,2198.0,2195.550048828125,2195.550048828125,30.0
2020-07-07 13:20:00,2193.35009765625,2198.35009765625,2193.35009765625,2198.35009765625,14.0
2020-07-07 13:25:00,2200.0,2204.800048828125,2200.0,2204.800048828125,49.0
2020-07-07 13:30:00,2195.0,2195.0,2195.0,2195.0,46.0
2020-07-07 13:35:00,2204.89990234375,2204.89990234375,2204.89990234375,2204.89990234375,2.0
2020-07-07 13:40:00,2204.75,2204.75,2204.75,2204.75,1.0
2020-07-07 13:45:00,2200.199951171875,2200.199951171875,2200.199951171875,2200.199951171875,5.0
2020-07-07 14:00:00,2200.050048828125,2200.050048828125,2200.0,2200.0,27.0
2020-07-07 14:05:00,2204.699951171875,2204.699951171875,2204.60009765625,2204.699951171875,42.0
2020-07-07 14:15:00,2204.699951171875,2204.699951171875,2204.699951171875,2204.699951171875,12.0
2020-07-07 14:20:00,2193.60009765625,2204.14990234375,2193.60009765625,2204.14990234375,43.0
2020-07-07 14:25:00,2190.0,2190.0,2190.0,2190.0,213.0
2020-07-07 14:30:00,2190.300048828125,2190.300048828125,2190.300048828125,2190.300048828125,0.0
2020-07-07 14:35:00,2190.0,2190.0,2190.0,2190.0,1.0
2020-07-07 14:40:00,2200.89990234375,2201.199951171875,2200.800048828125,2201.199951171875,29.0
2020-07-07 14:50:00,2204.0,2204.0,2203.89990234375,2203.89990234375,61.0
2020-07-07 14:55:00,2195.39990234375,2197.75,2195.39990234375,2196.0,50.0
2020-07-07 15:00:00,2195.949951171875,2195.949951171875,2195.949951171875,2195.949951171875,0.0
2020-07-07 15:05:00,2202.300048828125,2203.89990234375,2200.0,2203.89990234375,33.0
2020-07-07 15:10:00,2204.10009765625,2204.10009765625,2204.0,2204.050048828125,9.0
2020-07-07 15:15:00,2200.550048828125,2204.10009765625,2197.75,2198.050048828125,49.0
2020-07-07 15:20:00,2200.39990234375,2205.0,2199.550048828125,2201.300048828125,136.0
2020-07-07 15:25:00,2200.64990234375,2204.0,2200.0,2201.75,55.0
2020-07-08 09:15:00,2200.0,2210.0,2200.0,2210.0,0.0
2020-07-08 09:25:00,2203.0,2203.0,2200.0,2200.0,29.0
2020-07-08 09:30:00,2199.0,2199.0,2190.0,2190.0,53.0
2020-07-08 09:35:00,2190.050048828125,2199.0,2185.050048828125,2185.25,60.0
2020-07-08 09:40:00,2185.25,2191.89990234375,2185.25,2186.35009765625,80.0
2020-07-08 09:45:00,2186.35009765625,2186.35009765625,2175.550048828125,2177.050048828125,215.0
2020-07-08 09:50:00,2182.449951171875,2183.949951171875,2177.050048828125,2177.10009765625,55.0
2020-07-08 09:55:00,2177.199951171875,2182.39990234375,2176.5,2177.10009765625,41.0
2020-07-08 10:00:00,2176.60009765625,2184.89990234375,2176.199951171875,2184.89990234375,55.0
2020-07-08 10:05:00,2184.0,2184.0,2175.550048828125,2175.550048828125,55.0
2020-07-08 10:10:00,2175.550048828125,2177.050048828125,2175.550048828125,2177.050048828125,44.0
2020-07-08 10:15:00,2181.699951171875,2181.699951171875,2179.0,2179.0,23.0
2020-07-08 10:20:00,2182.0,2189.0,2182.0,2189.0,212.0
2020-07-08 10:25:00,2189.949951171875,2189.949951171875,2189.89990234375,2189.89990234375,3.0
2020-07-08 10:40:00,2189.949951171875,2192.949951171875,2187.550048828125,2187.550048828125,38.0
2020-07-08 10:45:00,2192.85009765625,2192.89990234375,2192.85009765625,2192.89990234375,0.0
2020-07-08 10:50:00,2192.89990234375,2192.89990234375,2192.89990234375,2192.89990234375,2.0
2020-07-08 10:55:00,2192.800048828125,2192.800048828125,2185.0,2185.0,44.0
2020-07-08 11:05:00,2192.60009765625,2192.60009765625,2183.0,2190.35009765625,50.0
2020-07-08 11:10:00,2190.199951171875,2190.199951171875,2180.050048828125,2180.050048828125,12.0
2020-07-08 11:15:00,2180.0,2188.85009765625,2180.0,2188.85009765625,11.0
2020-07-08 11:20:00,2180.10009765625,2180.14990234375,2180.10009765625,2180.14990234375,27.0
2020-07-08 11:25:00,2189.14990234375,2189.14990234375,2180.10009765625,2180.10009765625,11.0
2020-07-08 11:30:00,2180.10009765625,2180.10009765625,2179.050048828125,2179.050048828125,29.0
2020-07-08 11:35:00,2182.35009765625,2182.35009765625,2182.35009765625,2182.35009765625,3.0
2020-07-08 11:40:00,2182.35009765625,2183.0,2182.35009765625,2183.0,2.0
2020-07-08 11:50:00,2184.60009765625,2184.60009765625,2184.60009765625,2184.60009765625,6.0
2020-07-08 11:55:00,2184.949951171875,2187.199951171875,2184.949951171875,2187.199951171875,7.0
2020-07-08 12:00:00,2187.14990234375,2187.14990234375,2180.0,2180.0,28.0
2020-07-08 12:05:00,2179.0,2179.0,2179.0,2179.0,5.0
2020-07-08 12:10:00,2179.0,2179.0,2179.0,2179.0,0.0
2020-07-08 12:20:00,2179.050048828125,2179.050048828125,2179.050048828125,2179.050048828125,2.0
2020-07-08 12:25:00,2184.75,2184.800048828125,2184.75,2184.800048828125,92.0
2020-07-08 12:30:00,2184.949951171875,2184.949951171875,2184.949951171875,2184.949951171875,0.0
2020-07-08 12:40:00,2192.89990234375,2192.89990234375,2192.89990234375,2192.89990234375,27.0
2020-07-08 12:45:00,2192.89990234375,2192.89990234375,2192.89990234375,2192.89990234375,28.0
2020-07-08 12:50:00,2194.699951171875,2194.699951171875,2187.64990234375,2187.64990234375,2.0
2020-07-08 12:55:00,2187.800048828125,2202.0,2187.800048828125,2202.0,736.0
2020-07-08 13:00:00,2206.0,2214.85009765625,2205.050048828125,2214.85009765625,45.0
2020-07-08 13:05:00,2217.0,2217.0,2215.0,2215.0,7.0
2020-07-08 13:10:00,2212.199951171875,2212.199951171875,2212.0,2212.0,59.0
2020-07-08 13:15:00,2205.050048828125,2205.050048828125,2205.050048828125,2205.050048828125,45.0
2020-07-08 13:20:00,2210.0,2211.0,2210.0,2211.0,14.0
2020-07-08 13:25:00,2210.050048828125,2210.10009765625,2210.050048828125,2210.050048828125,7.0
2020-07-08 13:30:00,2210.050048828125,2210.050048828125,2210.050048828125,2210.050048828125,2.0
2020-07-08 13:35:00,2210.050048828125,2215.0,2210.050048828125,2210.35009765625,12.0
2020-07-08 13:40:00,2215.0,2215.0,2210.35009765625,2210.39990234375,14.0
2020-07-08 13:45:00,2210.35009765625,2210.35009765625,2210.35009765625,2210.35009765625,3.0
2020-07-08 13:50:00,2211.050048828125,2211.050048828125,2210.050048828125,2210.050048828125,27.0
2020-07-08 13:55:00,2210.050048828125,2211.0,2210.050048828125,2211.0,4.0
2020-07-08 14:00:00,2211.0,2211.0,2211.0,2211.0,2.0
2020-07-08 14:05:00,2211.0,2211.0,2210.10009765625,2210.10009765625,8.0
2020-07-08 14:10:00,2213.0,2215.0,2210.35009765625,2214.949951171875,200.0
2020-07-08 14:15:00,2216.85009765625,2216.85009765625,2210.35009765625,2214.949951171875,8.0
2020-07-08 14:20:00,2216.60009765625,2216.800048828125,2215.0,2215.0,6.0
2020-07-08 14:25:00,2215.0,2215.0,2213.0,2214.949951171875,18.0
2020-07-08 14:30:00,2211.85009765625,2214.949951171875,2211.85009765625,2212.550048828125,3.0
2020-07-08 14:35:00,2212.550048828125,2214.949951171875,2210.39990234375,2213.0,34.0
2020-07-08 14:40:00,2213.0,2217.0,2211.050048828125,2217.0,37.0
2020-07-08 14:45:00,2211.449951171875,2213.35009765625,2210.0,2210.0,49.0
2020-07-08 14:50:00,2210.050048828125,2215.949951171875,2210.050048828125,2214.0,85.0
2020-07-08 14:55:00,2210.050048828125,2216.949951171875,2210.050048828125,2210.14990234375,10.0
2020-07-08 15:00:00,2214.64990234375,2216.300048828125,2210.199951171875,2216.300048828125,60.0
2020-07-08 15:05:00,2210.199951171875,2210.300048828125,2210.199951171875,2210.300048828125,26.0
2020-07-08 15:10:00,2210.39990234375,2216.550048828125,2210.39990234375,2210.449951171875,17.0
2020-07-08 15:15:00,2210.449951171875,2224.0,2201.550048828125,2215.10009765625,501.0
2020-07-08 15:20:00,2215.0,2224.14990234375,2215.0,2224.0,132.0
2020-07-08 15:25:00,2224.0,2226.949951171875,2201.0,2217.300048828125,127.0
2020-07-09 09:15:00,2226.949951171875,2226.949951171875,2226.0,2226.0,0.0
2020-07-09 09:20:00,2216.050048828125,2222.949951171875,2216.050048828125,2218.60009765625,9.0
2020-07-09 09:25:00,2218.60009765625,2218.60009765625,2218.300048828125,2218.550048828125,28.0
2020-07-09 09:30:00,2217.300048828125,2220.949951171875,2213.800048828125,2220.949951171875,15.0
2020-07-09 09:35:00,2220.949951171875,2220.949951171875,2220.949951171875,2220.949951171875,0.0
2020-07-09 09:40:00,2220.949951171875,2222.949951171875,2220.949951171875,2222.949951171875,11.0
2020-07-09 09:50:00,2222.949951171875,2222.949951171875,2214.0,2214.0,23.0
2020-07-09 09:55:00,2218.0,2218.0,2218.0,2218.0,8.0
2020-07-09 10:00:00,2218.0,2220.0,2218.0,2220.0,38.0
2020-07-09 10:10:00,2221.0,2221.0,2218.0,2218.0,7.0
2020-07-09 10:15:00,2216.300048828125,2220.0,2215.0,2220.0,35.0
2020-07-09 10:20:00,2221.0,2223.0,2221.0,2223.0,6.0
2020-07-09 10:25:00,2218.60009765625,2218.60009765625,2217.0,2217.0,7.0
2020-07-09 10:40:00,2222.0,2222.0,2222.0,2222.0,7.0
2020-07-09 10:45:00,2217.550048828125,2221.949951171875,2217.550048828125,2221.949951171875,4.0
2020-07-09 10:50:00,2220.10009765625,2220.10009765625,2220.050048828125,2220.050048828125,21.0
2020-07-09 11:05:00,2219.85009765625,2219.85009765625,2219.85009765625,2219.85009765625,2.0
2020-07-09 11:10:00,2219.89990234375,2220.10009765625,2219.89990234375,2220.10009765625,32.0
2020-07-09 11:15:00,2220.10009765625,2220.10009765625,2217.0,2217.0,6.0
2020-07-09 11:20:00,2220.050048828125,2220.050048828125,2220.050048828125,2220.050048828125,2.0
2020-07-09 11:25:00,2220.10009765625,2220.10009765625,2220.10009765625,2220.10009765625,27.0
2020-07-09 11:30:00,2220.10009765625,2220.10009765625,2215.0,2215.0,213.0
2020-07-09 11:35:00,2220.10009765625,2220.10009765625,2220.10009765625,2220.10009765625,8.0
2020-07-09 11:40:00,2215.0,2220.0,2215.0,2220.0,12.0
2020-07-09 11:45:00,2215.0,2215.0,2215.0,2215.0,31.0
2020-07-09 12:00:00,2216.050048828125,2218.0,2216.050048828125,2217.0,22.0
2020-07-09 12:05:00,2217.0,2217.0,2217.0,2217.0,2.0
2020-07-09 12:10:00,2216.050048828125,2216.050048828125,2216.050048828125,2216.050048828125,1.0
2020-07-09 12:15:00,2220.050048828125,2220.050048828125,2220.050048828125,2220.050048828125,3.0
2020-07-09 12:20:00,2216.050048828125,2216.050048828125,2216.050048828125,2216.050048828125,34.0
2020-07-09 12:30:00,2220.0,2220.0,2220.0,2220.0,0.0
2020-07-09 12:35:00,2218.0,2220.10009765625,2216.14990234375,2216.14990234375,16.0
2020-07-09 12:50:00,2218.0,2218.0,2218.0,2218.0,2.0
2020-07-09 12:55:00,2220.10009765625,2220.10009765625,2220.10009765625,2220.10009765625,15.0
2020-07-09 13:00:00,2220.10009765625,2220.10009765625,2219.949951171875,2219.949951171875,9.0
2020-07-09 13:05:00,2219.0,2219.0,2219.0,2219.0,2.0
2020-07-09 13:10:00,2219.0,2219.0,2219.0,2219.0,18.0
2020-07-09 13:15:00,2216.300048828125,2216.300048828125,2216.300048828125,2216.300048828125,0.0
2020-07-09 13:20:00,2216.39990234375,2216.39990234375,2216.300048828125,2216.300048828125,3.0
2020-07-09 13:25:00,2216.25,2216.25,2216.25,2216.25,12.0
2020-07-09 13:30:00,2216.050048828125,2216.050048828125,2216.050048828125,2216.050048828125,93.0
2020-07-09 13:35:00,2216.050048828125,2216.050048828125,2216.050048828125,2216.050048828125,24.0
2020-07-09 13:45:00,2218.35009765625,2218.949951171875,2216.0,2218.949951171875,41.0
2020-07-09 13:50:00,2215.0,2217.949951171875,2215.0,2217.949951171875,92.0
2020-07-09 14:15:00,2218.0,2218.0,2218.0,2218.0,1.0
2020-07-09 14:25:00,2215.050048828125,2218.0,2215.050048828125,2218.0,16.0
2020-07-09 14:30:00,2218.0,2218.0,2218.0,2218.0,19.0
2020-07-09 14:35:00,2215.10009765625,2215.10009765625,2215.10009765625,2215.10009765625,22.0
2020-07-09 14:45:00,2215.0,2215.0,2215.0,2215.0,174.0
2020-07-09 14:50:00,2215.0,2215.0,2213.449951171875,2213.449951171875,16.0
2020-07-09 15:00:00,2213.449951171875,2215.0,2213.449951171875,2215.0,3.0
2020-07-09 15:10:00,2215.0,2215.0,2212.050048828125,2212.050048828125,61.0
2020-07-09 15:15:00,2215.0,2215.0,2215.0,2215.0,0.0
2020-07-09 15:20:00,2213.550048828125,2213.550048828125,2212.10009765625,2212.10009765625,5.0
2020-07-09 15:25:00,2212.050048828125,2219.0,2210.0,2212.89990234375,126.0
2020-07-10 09:15:00,2224.0,2233.75,2223.949951171875,2233.75,0.0
2020-07-10 09:20:00,2221.14990234375,2221.14990234375,2221.14990234375,2221.14990234375,8.0
2020-07-10 09:25:00,2218.800048828125,2218.800048828125,2217.25,2217.25,4.0
2020-07-10 09:30:00,2217.25,2217.25,2217.25,2217.25,27.0
2020-07-10 09:35:00,2218.050048828125,2228.550048828125,2216.050048828125,2216.050048828125,28.0
2020-07-10 09:45:00,2211.60009765625,2211.60009765625,2211.60009765625,2211.60009765625,0.0
2020-07-10 09:50:00,2211.64990234375,2211.64990234375,2211.64990234375,2211.64990234375,5.0
2020-07-10 09:55:00,2211.0,2211.0,2210.050048828125,2210.050048828125,70.0
2020-07-10 10:00:00,2210.10009765625,2210.10009765625,2210.10009765625,2210.10009765625,0.0
2020-07-10 10:05:00,2221.0,2221.0,2210.10009765625,2210.10009765625,31.0
2020-07-10 10:10:00,2218.39990234375,2218.449951171875,2218.39990234375,2218.449951171875,8.0
2020-07-10 10:25:00,2212.14990234375,2212.14990234375,2212.14990234375,2212.14990234375,2.0
2020-07-10 10:30:00,2211.0,2211.0,2211.0,2211.0,59.0
2020-07-10 10:35:00,2211.0,2211.0,2211.0,2211.0,8.0
2020-07-10 10:40:00,2210.050048828125,2210.050048828125,2210.0,2210.0,23.0
2020-07-10 10:50:00,2210.0,2210.0,2210.0,2210.0,12.0
2020-07-10 11:10:00,2210.0,2213.35009765625,2210.0,2213.35009765625,20.0
2020-07-10 11:15:00,2210.0,2210.0,2210.0,2210.0,7.0
2020-07-10 11:20:00,2210.0,2210.0,2210.0,2210.0,21.0
2020-07-10 11:25:00,2210.0,2210.0,2210.0,2210.0,22.0
2020-07-10 11:30:00,2215.800048828125,2215.800048828125,2215.800048828125,2215.800048828125,0.0
2020-07-10 11:35:00,2215.85009765625,2215.85009765625,2210.0,2210.0,22.0
2020-07-10 11:55:00,2214.949951171875,2220.0,2210.0,2220.0,118.0
2020-07-10 12:00:00,2219.0,2232.39990234375,2219.0,2221.10009765625,162.0
2020-07-10 12:05:00,2227.85009765625,2227.85009765625,2227.85009765625,2227.85009765625,0.0
2020-07-10 12:10:00,2220.449951171875,2226.0,2210.0,2219.949951171875,200.0
2020-07-10 12:15:00,2220.0,2223.39990234375,2216.050048828125,2216.050048828125,0.0
2020-07-10 12:20:00,2221.64990234375,2221.64990234375,2221.64990234375,2221.64990234375,2.0
2020-07-10 12:25:00,2221.550048828125,2221.550048828125,2221.550048828125,2221.550048828125,1.0
2020-07-10 12:30:00,2219.85009765625,2219.949951171875,2219.85009765625,2219.949951171875,2.0
2020-07-10 12:35:00,2219.949951171875,2222.89990234375,2217.14990234375,2222.89990234375,16.0
2020-07-10 12:40:00,2217.14990234375,2225.0,2217.0,2217.0,60.0
2020-07-10 12:45:00,2219.949951171875,2219.949951171875,2219.949951171875,2219.949951171875,0.0
2020-07-10 12:50:00,2220.0,2220.0,2220.0,2220.0,2.0
2020-07-10 12:55:00,2220.0,2220.0,2220.0,2220.0,4.0
2020-07-10 13:00:00,2220.0,2220.0,2216.050048828125,2216.050048828125,8.0
2020-07-10 13:05:00,2219.949951171875,2220.0,2219.949951171875,2220.0,1.0
2020-07-10 13:10:00,2220.0,2220.0,2220.0,2220.0,3.0
2020-07-10 13:15:00,2220.0,2220.0,2220.0,2220.0,3.0
2020-07-10 13:20:00,2220.0,2220.0,2210.0,2210.0,121.0
2020-07-10 13:25:00,2219.85009765625,2220.0,2210.0,2219.949951171875,37.0
2020-07-10 13:35:00,2212.5,2212.5,2212.5,2212.5,19.0
2020-07-10 13:50:00,2212.0,2218.89990234375,2212.0,2218.89990234375,27.0
2020-07-10 14:10:00,2220.14990234375,2222.0,2220.14990234375,2222.0,59.0
2020-07-10 14:15:00,2220.5,2228.89990234375,2220.050048828125,2220.10009765625,40.0
2020-07-10 14:20:00,2220.14990234375,2220.14990234375,2220.050048828125,2220.050048828125,5.0
2020-07-10 14:30:00,2228.64990234375,2228.64990234375,2220.0,2220.0,11.0
2020-07-10 14:40:00,2220.14990234375,2228.0,2216.050048828125,2216.050048828125,22.0
2020-07-10 14:45:00,2220.0,2223.550048828125,2213.550048828125,2213.550048828125,6.0
2020-07-10 14:50:00,2214.050048828125,2214.050048828125,2214.050048828125,2214.050048828125,4.0
2020-07-10 15:05:00,2220.0,2220.0,2220.0,2220.0,2.0
2020-07-10 15:10:00,2220.0,2220.0,2220.0,2220.0,7.0
2020-07-10 15:15:00,2214.10009765625,2221.949951171875,2214.050048828125,2214.050048828125,76.0
2020-07-10 15:20:00,2214.300048828125,2218.949951171875,2214.300048828125,2218.0,25.0
2020-07-10 15:25:00,2218.0,2218.949951171875,2210.0,2217.25,69.0
2020-07-13 09:15:00,2215.050048828125,2228.300048828125,2215.050048828125,2221.050048828125,0.0
2020-07-13 09:20:00,2225.0,2231.199951171875,2225.0,2231.199951171875,62.0
2020-07-13 09:25:00,2231.199951171875,2231.199951171875,2231.199951171875,2231.199951171875,1.0
2020-07-13 09:30:00,2234.800048828125,2234.800048828125,2234.800048828125,2234.800048828125,1.0
2020-07-13 09:40:00,2228.85009765625,2232.85009765625,2227.050048828125,2232.85009765625,10.0
2020-07-13 09:45:00,2228.75,2228.75,2226.0,2226.0,22.0
2020-07-13 09:50:00,2229.949951171875,2229.949951171875,2223.64990234375,2223.64990234375,23.0
2020-07-13 10:00:00,2224.0,2224.0,2222.0,2222.0,4.0
2020-07-13 10:05:00,2228.550048828125,2228.550048828125,2220.0,2220.0,81.0
2020-07-13 10:10:00,2220.0,2220.050048828125,2220.0,2220.050048828125,48.0
2020-07-13 10:20:00,2227.449951171875,2227.449951171875,2227.449951171875,2227.449951171875,2.0
2020-07-13 10:25:00,2221.14990234375,2227.050048828125,2221.10009765625,2221.10009765625,8.0
2020-07-13 10:35:00,2228.64990234375,2228.64990234375,2221.300048828125,2222.199951171875,14.0
2020-07-13 10:45:00,2227.949951171875,2227.949951171875,2227.949951171875,2227.949951171875,2.0
2020-07-13 10:50:00,2222.0,2222.0,2222.0,2222.0,11.0
2020-07-13 10:55:00,2223.050048828125,2228.0,2223.050048828125,2228.0,44.0
2020-07-13 11:00:00,2230.0,2233.949951171875,2226.5,2233.89990234375,71.0
2020-07-13 11:05:00,2233.85009765625,2233.85009765625,2227.050048828125,2227.050048828125,10.0
2020-07-13 11:10:00,2227.050048828125,2227.5,2225.0,2227.5,23.0
2020-07-13 11:15:00,2227.5,2228.60009765625,2220.10009765625,2221.5,74.0
2020-07-13 11:20:00,2217.0,2227.050048828125,2217.0,2227.0,94.0
2020-07-13 11:25:00,2216.14990234375,2224.75,2210.050048828125,2216.949951171875,186.0
2020-07-13 11:30:00,2216.949951171875,2228.64990234375,2216.949951171875,2228.64990234375,261.0
2020-07-13 11:40:00,2228.64990234375,2228.64990234375,2228.64990234375,2228.64990234375,2.0
2020-07-13 11:45:00,2225.0,2228.0,2222.35009765625,2222.35009765625,8.0
2020-07-13 11:50:00,2228.0,2228.0,2216.050048828125,2227.39990234375,53.0
2020-07-13 11:55:00,2216.050048828125,2226.800048828125,2216.050048828125,2225.75,50.0
2020-07-13 12:00:00,2217.050048828125,2217.25,2217.050048828125,2217.25,2.0
2020-07-13 12:05:00,2217.050048828125,2222.39990234375,2217.0,2217.449951171875,16.0
2020-07-13 12:10:00,2218.050048828125,2222.39990234375,2217.39990234375,2222.39990234375,22.0
2020-07-13 12:15:00,2218.60009765625,2222.60009765625,2218.60009765625,2222.60009765625,0.0
2020-07-13 12:20:00,2220.0,2220.0,2220.0,2220.0,2.0
2020-07-13 12:30:00,2217.050048828125,2217.25,2217.0,2217.25,8.0
2020-07-13 12:35:00,2217.25,2217.25,2217.25,2217.25,2.0
2020-07-13 12:40:00,2218.300048828125,2218.300048828125,2218.300048828125,2218.300048828125,3.0
2020-07-13 12:45:00,2214.0,2217.10009765625,2210.0,2215.64990234375,26.0
2020-07-13 12:50:00,2212.0,2216.800048828125,2212.0,2216.800048828125,8.0
2020-07-13 12:55:00,2210.89990234375,2216.25,2210.89990234375,2216.25,5.0
2020-07-13 13:00:00,2215.949951171875,2215.949951171875,2215.949951171875,2215.949951171875,0.0
2020-07-13 13:05:00,2211.050048828125,2217.199951171875,2211.050048828125,2217.199951171875,20.0
2020-07-13 13:20:00,2211.050048828125,2217.199951171875,2211.050048828125,2217.199951171875,0.0
2020-07-13 13:25:00,2210.0,2217.25,2210.0,2217.25,169.0
2020-07-13 13:30:00,2210.0,2217.14990234375,2210.0,2217.14990234375,31.0
2020-07-13 13:35:00,2210.0,2217.199951171875,2210.0,2217.199951171875,58.0
2020-07-13 13:40:00,2210.14990234375,2210.14990234375,2210.14990234375,2210.14990234375,2.0
2020-07-13 13:45:00,2217.0,2217.0,2217.0,2217.0,2.0
2020-07-13 13:55:00,2210.050048828125,2215.949951171875,2210.050048828125,2210.050048828125,11.0
2020-07-13 14:10:00,2210.050048828125,2216.0,2210.050048828125,2215.949951171875,82.0
2020-07-13 14:15:00,2216.0,2221.699951171875,2216.0,2219.699951171875,200.0
2020-07-13 14:20:00,2216.0,2216.0,2216.0,2216.0,2.0
2020-07-13 14:30:00,2222.949951171875,2222.949951171875,2213.699951171875,2213.699951171875,32.0
2020-07-13 14:35:00,2213.89990234375,2221.0,2213.89990234375,2220.0,13.0
2020-07-13 14:40:00,2213.0,2221.0,2212.10009765625,2216.0,40.0
2020-07-13 14:45:00,2220.949951171875,2222.800048828125,2216.050048828125,2216.050048828125,6.0
2020-07-13 15:00:00,2216.0,2216.0,2216.0,2216.0,49.0
2020-07-13 15:05:00,2216.0,2216.0,2216.0,2216.0,11.0
2020-07-13 15:10:00,2216.0,2216.0,2210.39990234375,2215.949951171875,33.0
2020-07-13 15:15:00,2210.699951171875,2211.0,2210.0,2210.949951171875,69.0
2020-07-13 15:20:00,2210.0,2216.0,2210.0,2216.0,90.0
2020-07-13 15:25:00,2210.0,2224.949951171875,2210.0,2212.14990234375,53.0
2020-07-14 09:15:00,2180.050048828125,2223.0,2180.050048828125,2221.0,0.0
2020-07-14 09:20:00,2223.0,2223.25,2210.050048828125,2223.25,43.0
2020-07-14 09:25:00,2211.14990234375,2222.89990234375,2211.14990234375,2211.199951171875,4.0
2020-07-14 09:35:00,2212.300048828125,2218.39990234375,2212.300048828125,2218.39990234375,3.0
2020-07-14 09:40:00,2210.0,2219.699951171875,2210.0,2219.699951171875,38.0
2020-07-14 09:45:00,2213.449951171875,2217.949951171875,2210.0,2215.5,67.0
2020-07-14 09:50:00,2210.0,2215.0,2210.0,2214.89990234375,31.0
2020-07-14 09:55:00,2210.14990234375,2210.14990234375,2210.14990234375,2210.14990234375,22.0
2020-07-14 10:00:00,2210.10009765625,2213.949951171875,2210.050048828125,2213.949951171875,27.0
2020-07-14 10:05:00,2210.0,2213.949951171875,2210.0,2213.949951171875,31.0
2020-07-14 10:15:00,2210.10009765625,2213.85009765625,2210.10009765625,2213.85009765625,13.0
2020-07-14 10:20:00,2213.85009765625,2213.85009765625,2210.10009765625,2213.85009765625,41.0
2020-07-14 10:25:00,2213.85009765625,2213.89990234375,2210.14990234375,2210.14990234375,6.0
2020-07-14 10:30:00,2210.14990234375,2213.800048828125,2210.14990234375,2210.14990234375,5.0
2020-07-14 10:35:00,2210.10009765625,2213.300048828125,2210.10009765625,2213.300048828125,7.0
2020-07-14 10:40:00,2210.10009765625,2213.949951171875,2210.10009765625,2210.14990234375,6.0
2020-07-14 10:45:00,2213.949951171875,2213.949951171875,2213.949951171875,2213.949951171875,6.0
2020-07-14 10:50:00,2213.949951171875,2214.0,2210.10009765625,2210.14990234375,25.0
2020-07-14 10:55:00,2213.75,2213.75,2213.75,2213.75,1.0
2020-07-14 11:00:00,2210.14990234375,2213.949951171875,2210.14990234375,2213.949951171875,4.0
2020-07-14 11:05:00,2210.0,2214.949951171875,2210.0,2214.949951171875,29.0
2020-07-14 11:10:00,2215.0,2215.0,2210.050048828125,2214.949951171875,33.0
2020-07-14 11:15:00,2214.949951171875,2215.0,2210.050048828125,2214.949951171875,8.0
2020-07-14 11:20:00,2210.050048828125,2214.949951171875,2210.050048828125,2214.949951171875,3.0
2020-07-14 11:25:00,2213.89990234375,2213.89990234375,2213.89990234375,2213.89990234375,2.0
2020-07-14 11:35:00,2214.0,2214.0,2210.050048828125,2213.85009765625,26.0
2020-07-14 11:40:00,2213.85009765625,2213.85009765625,2213.85009765625,2213.85009765625,1.0
2020-07-14 11:50:00,2210.0,2214.0,2210.0,2214.0,38.0
2020-07-14 12:00:00,2210.0,2214.0,2210.0,2214.0,4.0
2020-07-14 12:05:00,2210.0,2214.0,2210.0,2214.0,2.0
2020-07-14 12:20:00,2210.14990234375,2210.14990234375,2210.10009765625,2210.10009765625,12.0
2020-07-14 12:25:00,2210.0,2215.0,2210.0,2210.050048828125,270.0
2020-07-14 12:30:00,2214.949951171875,2215.0,2210.050048828125,2215.0,5.0
2020-07-14 12:35:00,2215.0,2215.0,2210.050048828125,2214.949951171875,7.0
2020-07-14 12:40:00,2215.0,2215.0,2214.0,2215.0,32.0
2020-07-14 12:45:00,2214.0,2214.949951171875,2210.949951171875,2214.949951171875,14.0
2020-07-14 12:50:00,2210.0,2214.449951171875,2210.0,2214.449951171875,26.0
2020-07-14 12:55:00,2210.050048828125,2210.050048828125,2210.050048828125,2210.050048828125,1.0
2020-07-14 13:00:00,2210.050048828125,2214.449951171875,2210.050048828125,2214.449951171875,4.0
2020-07-14 13:05:00,2210.0,2213.949951171875,2210.0,2213.949951171875,45.0
2020-07-14 13:10:00,2210.0,2213.449951171875,2210.0,2210.0,12.0
2020-07-14 13:15:00,2210.0,2214.89990234375,2210.0,2214.89990234375,202.0
2020-07-14 13:20:00,2210.050048828125,2214.85009765625,2210.050048828125,2210.050048828125,30.0
2020-07-14 13:25:00,2214.85009765625,2214.85009765625,2210.050048828125,2212.449951171875,10.0
2020-07-14 13:30:00,2212.449951171875,2214.85009765625,2210.050048828125,2210.050048828125,3.0
2020-07-14 13:35:00,2211.449951171875,2211.449951171875,2211.449951171875,2211.449951171875,2.0
2020-07-14 13:40:00,2210.10009765625,2213.949951171875,2210.10009765625,2213.949951171875,2.0
2020-07-14 13:45:00,2210.0,2214.89990234375,2210.0,2212.449951171875,66.0
2020-07-14 13:50:00,2210.050048828125,2210.050048828125,2210.050048828125,2210.050048828125,2.0
2020-07-14 13:55:00,2210.050048828125,2214.85009765625,2210.050048828125,2214.85009765625,2.0
2020-07-14 14:00:00,2210.050048828125,2210.050048828125,2210.050048828125,2210.050048828125,1.0
2020-07-14 14:05:00,2210.050048828125,2214.800048828125,2210.050048828125,2214.800048828125,29.0
2020-07-14 14:10:00,2210.050048828125,2214.800048828125,2210.0,2214.800048828125,16.0
2020-07-14 14:15:00,2211.60009765625,2211.60009765625,2211.60009765625,2211.60009765625,1.0
2020-07-14 14:20:00,2210.14990234375,2214.800048828125,2210.0,2210.050048828125,20.0
2020-07-14 14:25:00,2210.050048828125,2214.75,2210.0,2214.75,74.0
2020-07-14 14:30:00,2214.75,2214.89990234375,2210.0,2214.89990234375,30.0
2020-07-14 14:35:00,2212.050048828125,2212.050048828125,2212.050048828125,2212.050048828125,2.0
2020-07-14 14:40:00,2214.0,2214.0,2212.050048828125,2212.050048828125,2.0
2020-07-14 14:45:00,2210.0,2214.0,2210.0,2214.0,72.0
2020-07-14 14:50:00,2210.050048828125,2214.85009765625,2210.050048828125,2214.85009765625,14.0
2020-07-14 14:55:00,2211.0,2214.85009765625,2210.0,2214.85009765625,20.0
2020-07-14 15:00:00,2214.85009765625,2214.85009765625,2211.60009765625,2214.85009765625,4.0
2020-07-14 15:05:00,2214.89990234375,2214.89990234375,2214.85009765625,2214.85009765625,13.0
2020-07-14 15:10:00,2210.550048828125,2214.0,2210.550048828125,2214.0,9.0
2020-07-14 15:15:00,2210.449951171875,2213.949951171875,2210.449951171875,2213.5,40.0
2020-07-14 15:20:00,2210.050048828125,2211.800048828125,2210.0,2210.0,114.0
2020-07-14 15:25:00,2212.85009765625,2214.0,2210.0,2210.85009765625,563.0
2020-07-15 09:15:00,2210.199951171875,2221.5,2210.199951171875,2220.699951171875,0.0
2020-07-15 09:20:00,2211.0,2221.449951171875,2211.0,2220.800048828125,52.0
2020-07-15 09:25:00,2220.0,2220.0,2220.0,2220.0,7.0
2020-07-15 09:35:00,2220.0,2221.5,2220.0,2221.0,8.0
2020-07-15 09:45:00,2221.0,2221.0,2220.0,2220.0,1.0
2020-07-15 09:50:00,2220.0,2220.0,2220.0,2220.0,3.0
2020-07-15 10:00:00,2220.0,2220.0,2220.0,2220.0,3.0
2020-07-15 10:05:00,2221.0,2221.0,2220.0,2221.0,6.0
2020-07-15 10:15:00,2221.0,2222.199951171875,2220.0,2222.199951171875,40.0
2020-07-15 10:30:00,2220.5,2222.14990234375,2220.0,2220.0,38.0
2020-07-15 10:35:00,2222.199951171875,2222.199951171875,2220.199951171875,2222.199951171875,39.0
2020-07-15 10:40:00,2222.199951171875,2222.199951171875,2222.199951171875,2222.199951171875,11.0
2020-07-15 10:45:00,2222.199951171875,2222.199951171875,2222.14990234375,2222.14990234375,15.0
2020-07-15 10:50:00,2222.199951171875,2222.199951171875,2220.14990234375,2220.14990234375,0.0
2020-07-15 10:55:00,2222.199951171875,2222.199951171875,2220.199951171875,2222.199951171875,55.0
2020-07-15 11:00:00,2222.199951171875,2222.199951171875,2220.0,2222.0,47.0
2020-07-15 11:05:00,2222.199951171875,2222.199951171875,2222.199951171875,2222.199951171875,0.0
2020-07-15 11:10:00,2221.89990234375,2222.0,2220.0,2220.0,15.0
2020-07-15 11:25:00,2221.89990234375,2228.0,2221.050048828125,2228.0,464.0
2020-07-15 11:30:00,2222.35009765625,2227.949951171875,2222.14990234375,2227.949951171875,2.0
2020-07-15 11:35:00,2227.5,2227.5,2223.5,2223.5,5.0
2020-07-15 11:45:00,2228.0,2228.0,2222.5,2222.550048828125,76.0
2020-07-15 11:50:00,2222.0,2222.0,2220.050048828125,2220.050048828125,83.0
2020-07-15 11:55:00,2220.0,2220.0,2220.0,2220.0,36.0
2020-07-15 12:00:00,2220.0,2220.0,2220.0,2220.0,2.0
2020-07-15 12:05:00,2220.0,2220.0,2220.0,2220.0,8.0
2020-07-15 12:10:00,2223.14990234375,2223.14990234375,2218.0,2220.0,13.0
2020-07-15 12:20:00,2217.949951171875,2217.949951171875,2217.949951171875,2217.949951171875,6.0
2020-07-15 12:35:00,2223.10009765625,2223.10009765625,2218.050048828125,2218.050048828125,3.0
2020-07-15 12:45:00,2220.0,2220.0,2220.0,2220.0,12.0
2020-07-15 12:55:00,2224.550048828125,2224.550048828125,2220.0,2220.0,34.0
2020-07-15 13:20:00,2221.0,2221.0,2221.0,2221.0,5.0
2020-07-15 13:35:00,2221.050048828125,2221.050048828125,2221.050048828125,2221.050048828125,3.0
2020-07-15 13:40:00,2221.0,2221.0,2221.0,2221.0,3.0
2020-07-15 13:50:00,2220.39990234375,2220.39990234375,2220.39990234375,2220.39990234375,5.0
2020-07-15 13:55:00,2220.39990234375,2220.39990234375,2220.39990234375,2220.39990234375,0.0
2020-07-15 14:05:00,2220.39990234375,2220.39990234375,2220.39990234375,2220.39990234375,14.0
2020-07-15 14:10:00,2220.10009765625,2220.10009765625,2220.10009765625,2220.10009765625,62.0
2020-07-15 14:15:00,2221.0,2221.0,2220.10009765625,2220.10009765625,9.0
2020-07-15 14:20:00,2220.10009765625,2220.10009765625,2220.10009765625,2220.10009765625,14.0
2020-07-15 14:25:00,2220.300048828125,2220.300048828125,2220.300048828125,2220.300048828125,3.0
2020-07-15 14:35:00,2220.10009765625,2220.10009765625,2216.0,2216.0,0.0
2020-07-15 14:45:00,2220.0,2220.0,2219.0,2219.0,1262.0
2020-07-15 15:00:00,2216.0,2218.89990234375,2215.0,2215.0,32.0
2020-07-15 15:10:00,2215.0,2215.0,2210.300048828125,2210.300048828125,22.0
2020-07-15 15:15:00,2210.300048828125,2217.050048828125,2210.300048828125,2210.64990234375,45.0
2020-07-15 15:20:00,2215.0,2215.0,2195.10009765625,2195.10009765625,39.0
2020-07-15 15:25:00,2209.449951171875,2209.449951171875,2190.0,2207.550048828125,76.0
2020-07-16 09:20:00,2206.0,2206.0,2206.0,2206.0,2.0
2020-07-16 09:25:00,2212.89990234375,2212.89990234375,2212.89990234375,2212.89990234375,4.0
2020-07-16 09:30:00,2206.050048828125,2206.050048828125,2206.050048828125,2206.050048828125,0.0
2020-07-16 09:35:00,2210.0,2210.949951171875,2200.050048828125,2200.199951171875,28.0
2020-07-16 09:40:00,2194.550048828125,2210.300048828125,2194.550048828125,2210.300048828125,28.0
2020-07-16 09:50:00,2210.949951171875,2219.199951171875,2210.949951171875,2219.199951171875,48.0
2020-07-16 10:00:00,2225.0,2225.0,2220.0,2220.0,35.0
2020-07-16 10:05:00,2224.0,2224.0,2220.35009765625,2220.35009765625,0.0
2020-07-16 10:10:00,2220.0,2220.0,2215.050048828125,2215.050048828125,24.0
2020-07-16 10:15:00,2219.949951171875,2219.949951171875,2215.199951171875,2215.199951171875,4.0
2020-07-16 10:20:00,2213.85009765625,2219.949951171875,2213.85009765625,2219.949951171875,7.0
2020-07-16 10:25:00,2219.949951171875,2219.949951171875,2219.949951171875,2219.949951171875,1.0
2020-07-16 10:50:00,2213.800048828125,2218.949951171875,2213.800048828125,2218.949951171875,7.0
2020-07-16 11:00:00,2213.0,2217.949951171875,2213.0,2213.050048828125,34.0
2020-07-16 11:05:00,2213.050048828125,2213.050048828125,2208.300048828125,2208.300048828125,27.0
2020-07-16 11:15:00,2212.0,2216.300048828125,2206.25,2206.25,4.0
2020-07-16 11:25:00,2205.0,2206.0,2205.0,2206.0,44.0
2020-07-16 11:35:00,2212.949951171875,2212.949951171875,2212.949951171875,2212.949951171875,0.0
2020-07-16 11:40:00,2212.89990234375,2212.89990234375,2212.89990234375,2212.89990234375,2.0
2020-07-16 11:55:00,2212.949951171875,2212.949951171875,2212.949951171875,2212.949951171875,4.0
2020-07-16 12:00:00,2212.0,2213.0,2212.0,2213.0,21.0
2020-07-16 12:10:00,2216.300048828125,2216.300048828125,2216.300048828125,2216.300048828125,14.0
2020-07-16 12:15:00,2213.0,2213.0,2213.0,2213.0,1.0
2020-07-16 12:20:00,2213.14990234375,2213.14990234375,2213.14990234375,2213.14990234375,4.0
2020-07-16 12:25:00,2203.64990234375,2203.64990234375,2203.64990234375,2203.64990234375,56.0
2020-07-16 12:35:00,2205.0,2205.0,2205.0,2205.0,18.0
2020-07-16 12:40:00,2215.75,2215.75,2215.75,2215.75,0.0
2020-07-16 12:45:00,2206.0,2219.199951171875,2206.0,2219.199951171875,35.0
2020-07-16 13:05:00,2202.800048828125,2202.800048828125,2202.800048828125,2202.800048828125,15.0
2020-07-16 13:20:00,2202.800048828125,2202.800048828125,2202.800048828125,2202.800048828125,12.0
2020-07-16 13:25:00,2202.449951171875,2213.64990234375,2202.449951171875,2213.64990234375,80.0
2020-07-16 13:45:00,2213.0,2213.0,2213.0,2213.0,2.0
2020-07-16 14:00:00,2204.0,2204.0,2203.949951171875,2203.949951171875,6.0
2020-07-16 14:05:00,2204.0,2204.0,2204.0,2204.0,10.0
2020-07-16 14:15:00,2208.10009765625,2208.10009765625,2208.10009765625,2208.10009765625,0.0
2020-07-16 14:20:00,2205.0,2205.0,2205.0,2205.0,12.0
2020-07-16 14:30:00,2208.0,2208.0,2203.949951171875,2205.0,38.0
2020-07-16 14:35:00,2203.0,2203.0,2200.050048828125,2200.050048828125,0.0
2020-07-16 14:40:00,2205.449951171875,2208.14990234375,2205.449951171875,2208.14990234375,687.0
2020-07-16 14:45:00,2208.199951171875,2208.199951171875,2208.199951171875,2208.199951171875,1.0
2020-07-16 14:50:00,2210.89990234375,2210.89990234375,2210.89990234375,2210.89990234375,8.0
2020-07-16 15:00:00,2210.5,2210.5,2203.699951171875,2203.699951171875,6.0
2020-07-16 15:05:00,2210.449951171875,2210.449951171875,2205.0,2205.0,53.0
2020-07-16 15:10:00,2209.89990234375,2209.89990234375,2209.0,2209.0,0.0
2020-07-16 15:15:00,2208.949951171875,2208.949951171875,2208.949951171875,2208.949951171875,8.0
2020-07-16 15:20:00,2208.949951171875,2208.949951171875,2207.0,2207.0,29.0
2020-07-16 15:25:00,2207.0,2210.0,2207.0,2207.89990234375,88.0
2020-07-17 09:15:00,2218.949951171875,2218.949951171875,2218.949951171875,2218.949951171875,0.0
2020-07-17 09:20:00,2211.10009765625,2211.10009765625,2209.39990234375,2209.39990234375,3.0
2020-07-17 09:30:00,2208.300048828125,2208.300048828125,2208.300048828125,2208.300048828125,10.0
2020-07-17 09:45:00,2209.0,2209.0,2208.949951171875,2209.0,33.0
2020-07-17 09:50:00,2208.0,2208.949951171875,2205.050048828125,2205.050048828125,65.0
2020-07-17 09:55:00,2201.0,2201.0,2201.0,2201.0,9.0
2020-07-17 10:00:00,2201.050048828125,2201.050048828125,2201.050048828125,2201.050048828125,0.0
2020-07-17 10:05:00,2201.10009765625,2201.10009765625,2201.10009765625,2201.10009765625,4.0
2020-07-17 10:10:00,2208.199951171875,2209.89990234375,2205.050048828125,2209.89990234375,5.0
2020-07-17 10:15:00,2210.0,2210.0,2210.0,2210.0,23.0
2020-07-17 10:25:00,2213.0,2213.0,2213.0,2213.0,2.0
2020-07-17 10:30:00,2206.050048828125,2206.050048828125,2206.050048828125,2206.050048828125,1.0
2020-07-17 10:35:00,2206.0,2212.550048828125,2206.0,2212.550048828125,33.0
2020-07-17 10:40:00,2212.5,2212.5,2212.5,2212.5,7.0
2020-07-17 10:45:00,2207.0,2207.0,2207.0,2207.0,6.0
2020-07-17 10:55:00,2210.0,2210.0,2210.0,2210.0,21.0
2020-07-17 11:00:00,2210.0,2210.0,2210.0,2210.0,9.0
2020-07-17 11:05:00,2214.949951171875,2214.949951171875,2214.949951171875,2214.949951171875,10.0
2020-07-17 11:15:00,2214.0,2214.0,2214.0,2214.0,5.0
2020-07-17 11:20:00,2214.0,2214.0,2210.0,2210.0,23.0
2020-07-17 11:25:00,2213.949951171875,2213.949951171875,2213.949951171875,2213.949951171875,5.0
2020-07-17 11:30:00,2213.949951171875,2213.949951171875,2213.949951171875,2213.949951171875,0.0
2020-07-17 11:35:00,2210.050048828125,2210.050048828125,2210.0,2210.0,6.0
2020-07-17 11:40:00,2210.0,2210.0,2210.0,2210.0,46.0
2020-07-17 11:45:00,2210.0,2214.0,2210.0,2214.0,0.0
2020-07-17 11:50:00,2210.0,2210.0,2210.0,2210.0,29.0
2020-07-17 11:55:00,2210.0,2210.0,2209.0,2209.0,9.0
2020-07-17 12:00:00,2209.0,2209.0,2209.0,2209.0,25.0
2020-07-17 12:05:00,2210.0,2210.0,2209.0,2209.0,3.0
2020-07-17 12:10:00,2210.800048828125,2210.800048828125,2210.800048828125,2210.800048828125,1.0
2020-07-17 12:20:00,2214.89990234375,2214.89990234375,2214.300048828125,2214.300048828125,22.0
2020-07-17 12:25:00,2214.5,2214.5,2214.5,2214.5,6.0
2020-07-17 12:40:00,2212.0,2216.0,2210.0,2215.949951171875,116.0
2020-07-17 12:45:00,2216.0,2216.0,2216.0,2216.0,23.0
2020-07-17 12:50:00,2209.0,2209.0,2208.0,2208.0,94.0
2020-07-17 12:55:00,2208.0,2208.0,2207.0,2207.0,28.0
2020-07-17 13:00:00,2208.0,2208.0,2208.0,2208.0,47.0
2020-07-17 13:10:00,2207.949951171875,2207.949951171875,2207.949951171875,2207.949951171875,8.0
2020-07-17 13:15:00,2207.949951171875,2207.949951171875,2207.949951171875,2207.949951171875,0.0
2020-07-17 13:20:00,2207.0,2208.300048828125,2207.0,2208.300048828125,172.0
2020-07-17 13:25:00,2208.300048828125,2208.300048828125,2208.300048828125,2208.300048828125,0.0
2020-07-17 13:30:00,2213.64990234375,2213.64990234375,2213.64990234375,2213.64990234375,1.0
2020-07-17 13:40:00,2212.39990234375,2214.64990234375,2212.39990234375,2214.64990234375,6.0
2020-07-17 13:45:00,2208.300048828125,2214.0,2208.300048828125,2214.0,66.0
2020-07-17 13:50:00,2208.35009765625,2208.35009765625,2208.35009765625,2208.35009765625,0.0
2020-07-17 13:55:00,2207.050048828125,2207.050048828125,2207.050048828125,2207.050048828125,2.0
2020-07-17 14:00:00,2214.0,2214.0,2214.0,2214.0,30.0
2020-07-17 14:05:00,2214.5,2214.5,2214.5,2214.5,12.0
2020-07-17 14:10:00,2208.35009765625,2208.35009765625,2208.35009765625,2208.35009765625,0.0
2020-07-17 14:15:00,2213.0,2213.0,2213.0,2213.0,1.0
2020-07-17 14:25:00,2207.14990234375,2207.14990234375,2205.0,2205.0,122.0
2020-07-17 14:30:00,2211.85009765625,2211.85009765625,2211.85009765625,2211.85009765625,0.0
2020-07-17 14:35:00,2203.0,2203.050048828125,2203.0,2203.0,48.0
2020-07-17 14:45:00,2207.75,2207.75,2207.75,2207.75,1.0
2020-07-17 14:50:00,2208.10009765625,2208.10009765625,2208.10009765625,2208.10009765625,0.0
2020-07-17 14:55:00,2209.800048828125,2209.800048828125,2208.10009765625,2208.10009765625,36.0
2020-07-17 15:00:00,2207.949951171875,2207.949951171875,2204.050048828125,2204.050048828125,15.0
2020-07-17 15:05:00,2204.0,2204.0,2204.0,2204.0,10.0
2020-07-17 15:10:00,2204.0,2204.0,2204.0,2204.0,3.0
2020-07-17 15:15:00,2201.0,2207.300048828125,2201.0,2207.300048828125,25.0
2020-07-17 15:20:00,2200.050048828125,2204.39990234375,2200.0,2204.39990234375,57.0
2020-07-17 15:25:00,2204.449951171875,2204.449951171875,2200.199951171875,2203.60009765625,19.0
2020-07-20 09:15:00,2180.0,2211.0,2180.0,2211.0,0.0
2020-07-20 09:20:00,2211.0,2213.199951171875,2211.0,2213.199951171875,13.0
2020-07-20 09:25:00,2211.0,2211.0,2211.0,2211.0,48.0
2020-07-20 09:30:00,2212.0,2212.0,2212.0,2212.0,0.0
2020-07-20 09:35:00,2230.10009765625,2230.10009765625,2220.0,2220.0,708.0
2020-07-20 09:40:00,2221.199951171875,2230.10009765625,2221.14990234375,2230.10009765625,154.0
2020-07-20 09:45:00,2223.14990234375,2239.0,2223.14990234375,2226.050048828125,57.0
2020-07-20 09:50:00,2228.050048828125,2237.0,2228.0,2228.0,146.0
2020-07-20 09:55:00,2230.0,2230.0,2228.050048828125,2228.050048828125,202.0
2020-07-20 10:00:00,2233.800048828125,2234.449951171875,2228.699951171875,2233.0,10.0
2020-07-20 10:05:00,2233.0,2233.0,2228.800048828125,2228.800048828125,21.0
2020-07-20 10:15:00,2233.0,2234.0,2229.050048828125,2229.050048828125,92.0
2020-07-20 10:20:00,2230.0,2230.0,2222.050048828125,2222.10009765625,52.0
2020-07-20 10:25:00,2222.449951171875,2222.449951171875,2222.449951171875,2222.449951171875,0.0
2020-07-20 10:30:00,2223.0,2225.0,2221.050048828125,2225.0,69.0
2020-07-20 10:35:00,2230.0,2233.0,2230.0,2230.0,86.0
2020-07-20 10:50:00,2230.050048828125,2232.949951171875,2230.0,2232.949951171875,7.0
2020-07-20 10:55:00,2235.0,2235.0,2230.0,2230.0,97.0
2020-07-20 11:00:00,2230.0,2230.0,2224.800048828125,2224.800048828125,23.0
2020-07-20 11:05:00,2226.0,2226.0,2224.800048828125,2224.800048828125,2.0
2020-07-20 11:15:00,2225.050048828125,2225.050048828125,2222.10009765625,2222.10009765625,37.0
2020-07-20 11:20:00,2222.64990234375,2222.64990234375,2222.10009765625,2222.10009765625,0.0
2020-07-20 11:25:00,2222.35009765625,2222.35009765625,2222.35009765625,2222.35009765625,4.0
2020-07-20 11:30:00,2224.949951171875,2225.0,2222.10009765625,2222.10009765625,41.0
2020-07-20 11:35:00,2222.10009765625,2222.10009765625,2222.10009765625,2222.10009765625,7.0
2020-07-20 11:40:00,2227.449951171875,2228.949951171875,2227.449951171875,2228.949951171875,2.0
2020-07-20 11:45:00,2228.800048828125,2228.800048828125,2228.800048828125,2228.800048828125,1.0
2020-07-20 11:50:00,2222.14990234375,2222.949951171875,2222.10009765625,2222.10009765625,9.0
2020-07-20 11:55:00,2227.14990234375,2228.5,2222.14990234375,2222.14990234375,19.0
2020-07-20 12:05:00,2222.14990234375,2222.14990234375,2222.14990234375,2222.14990234375,15.0
2020-07-20 12:15:00,2222.199951171875,2227.949951171875,2222.199951171875,2222.25,16.0
2020-07-20 12:20:00,2227.949951171875,2227.949951171875,2222.550048828125,2222.550048828125,2.0
2020-07-20 12:25:00,2228.949951171875,2228.949951171875,2222.5,2222.550048828125,17.0
2020-07-20 12:30:00,2226.949951171875,2226.949951171875,2222.199951171875,2222.199951171875,14.0
2020-07-20 12:35:00,2222.5,2222.5,2222.199951171875,2222.199951171875,16.0
2020-07-20 12:40:00,2222.199951171875,2222.199951171875,2222.14990234375,2222.14990234375,16.0
2020-07-20 12:45:00,2225.0,2225.0,2222.0,2222.0,8.0
2020-07-20 12:50:00,2226.949951171875,2226.949951171875,2222.0,2222.10009765625,40.0
2020-07-20 13:00:00,2222.0,2222.0,2222.0,2222.0,28.0
2020-07-20 13:15:00,2228.64990234375,2228.64990234375,2228.64990234375,2228.64990234375,4.0
2020-07-20 13:20:00,2222.0,2222.050048828125,2222.0,2222.050048828125,8.0
2020-07-20 13:25:00,2222.300048828125,2222.300048828125,2222.300048828125,2222.300048828125,1.0
2020-07-20 13:35:00,2220.0,2220.0,2220.0,2220.0,127.0
2020-07-20 13:40:00,2219.199951171875,2219.199951171875,2215.550048828125,2215.550048828125,13.0
2020-07-20 13:50:00,2216.5,2220.0,2215.550048828125,2220.0,34.0
2020-07-20 14:00:00,2220.0,2220.0,2220.0,2220.0,4.0
2020-07-20 14:05:00,2216.050048828125,2216.050048828125,2216.050048828125,2216.050048828125,0.0
2020-07-20 14:10:00,2220.0,2221.89990234375,2220.0,2221.89990234375,12.0
2020-07-20 14:15:00,2220.0,2225.0,2220.0,2225.0,5.0
2020-07-20 14:20:00,2226.0,2226.050048828125,2221.050048828125,2221.050048828125,8.0
2020-07-20 14:40:00,2225.0,2225.0,2225.0,2225.0,2.0
2020-07-20 14:50:00,2220.25,2220.449951171875,2220.25,2220.449951171875,3.0
2020-07-20 15:00:00,2224.89990234375,2224.89990234375,2222.25,2222.25,6.0
2020-07-20 15:05:00,2222.14990234375,2224.949951171875,2222.14990234375,2222.5,10.0
2020-07-20 15:10:00,2222.0,2222.0,2200.050048828125,2202.050048828125,127.0
2020-07-20 15:15:00,2212.39990234375,2217.0,2203.64990234375,2203.64990234375,44.0
2020-07-20 15:20:00,2200.25,2210.0,2200.25,2203.800048828125,157.0
2020-07-20 15:25:00,2201.300048828125,2215.5,2201.300048828125,2208.75,89.0
2020-07-21 09:15:00,2205.0,2206.10009765625,2205.0,2206.10009765625,0.0
2020-07-21 09:20:00,2209.699951171875,2209.699951171875,2209.699951171875,2209.699951171875,7.0
2020-07-21 09:25:00,2209.699951171875,2218.550048828125,2209.699951171875,2218.449951171875,15.0
2020-07-21 09:35:00,2219.14990234375,2235.64990234375,2219.14990234375,2220.0,210.0
2020-07-21 09:40:00,2220.0,2226.050048828125,2220.0,2220.5,36.0
2020-07-21 09:45:00,2220.14990234375,2226.050048828125,2220.14990234375,2220.35009765625,22.0
2020-07-21 09:50:00,2220.300048828125,2232.89990234375,2220.300048828125,2226.050048828125,18.0
2020-07-21 09:55:00,2220.300048828125,2228.699951171875,2207.050048828125,2223.949951171875,234.0
2020-07-21 10:00:00,2220.0,2223.800048828125,2220.0,2223.800048828125,9.0
2020-07-21 10:05:00,2223.800048828125,2224.0,2223.800048828125,2224.0,34.0
2020-07-21 10:10:00,2224.949951171875,2225.0,2220.300048828125,2224.949951171875,8.0
2020-07-21 10:15:00,2225.0,2227.449951171875,2220.25,2220.35009765625,73.0
2020-07-21 10:20:00,2220.35009765625,2224.199951171875,2220.35009765625,2220.449951171875,22.0
2020-07-21 10:25:00,2224.300048828125,2225.0,2220.449951171875,2220.449951171875,22.0
2020-07-21 10:30:00,2220.39990234375,2220.39990234375,2220.39990234375,2220.39990234375,4.0
2020-07-21 10:35:00,2220.14990234375,2225.0,2220.14990234375,2225.0,38.0
2020-07-21 10:40:00,2220.300048828125,2220.300048828125,2220.14990234375,2220.14990234375,64.0
2020-07-21 10:50:00,2224.949951171875,2224.949951171875,2220.25,2220.25,18.0
2020-07-21 11:05:00,2225.0,2225.0,2220.25,2220.300048828125,83.0
2020-07-21 11:10:00,2224.85009765625,2224.85009765625,2220.050048828125,2220.050048828125,43.0
2020-07-21 11:15:00,2213.85009765625,2224.800048828125,2213.85009765625,2220.0,55.0
2020-07-21 11:20:00,2223.89990234375,2223.949951171875,2220.199951171875,2223.949951171875,20.0
2020-07-21 11:25:00,2221.050048828125,2221.10009765625,2221.050048828125,2221.10009765625,7.0
2020-07-21 11:30:00,2221.050048828125,2223.949951171875,2221.050048828125,2223.949951171875,6.0
2020-07-21 11:35:00,2222.199951171875,2222.199951171875,2222.199951171875,2222.199951171875,0.0
2020-07-21 11:40:00,2224.0,2224.800048828125,2223.14990234375,2223.14990234375,8.0
2020-07-21 11:45:00,2225.0,2225.0,2220.0,2220.0,27.0
2020-07-21 11:55:00,2220.0,2220.0,2219.300048828125,2219.300048828125,10.0
2020-07-21 12:00:00,2220.0,2220.0,2216.800048828125,2216.800048828125,15.0
2020-07-21 12:05:00,2220.0,2220.0,2220.0,2220.0,0.0
2020-07-21 12:10:00,2221.89990234375,2223.10009765625,2220.0,2222.949951171875,13.0
2020-07-21 12:15:00,2220.0,2222.949951171875,2220.0,2222.949951171875,2.0
2020-07-21 12:20:00,2220.0,2223.0,2215.050048828125,2222.64990234375,46.0
2020-07-21 12:25:00,2215.050048828125,2222.949951171875,2215.050048828125,2222.949951171875,14.0
2020-07-21 12:30:00,2217.050048828125,2221.300048828125,2217.050048828125,2221.300048828125,5.0
2020-07-21 12:35:00,2222.949951171875,2225.0,2219.10009765625,2224.85009765625,28.0
2020-07-21 12:40:00,2224.89990234375,2224.89990234375,2224.89990234375,2224.89990234375,1.0
2020-07-21 12:45:00,2222.050048828125,2224.5,2221.64990234375,2224.5,11.0
2020-07-21 12:50:00,2221.64990234375,2221.64990234375,2221.449951171875,2221.550048828125,20.0
2020-07-21 12:55:00,2220.0,2221.550048828125,2220.0,2221.550048828125,16.0
2020-07-21 13:00:00,2221.550048828125,2222.5,2220.10009765625,2222.5,51.0
2020-07-21 13:05:00,2221.949951171875,2224.85009765625,2221.949951171875,2224.85009765625,6.0
2020-07-21 13:10:00,2224.85009765625,2225.0,2221.85009765625,2225.0,14.0
2020-07-21 13:15:00,2225.0,2225.0,2221.85009765625,2221.85009765625,51.0
2020-07-21 13:20:00,2224.949951171875,2225.0,2221.85009765625,2225.0,25.0
2020-07-21 13:25:00,2225.0,2225.0,2220.0,2222.699951171875,141.0
2020-07-21 13:30:00,2222.699951171875,2222.699951171875,2222.300048828125,2222.300048828125,23.0
2020-07-21 13:35:00,2220.050048828125,2220.050048828125,2220.050048828125,2220.050048828125,1.0
2020-07-21 13:40:00,2215.300048828125,2222.699951171875,2215.300048828125,2220.0,128.0
2020-07-21 13:45:00,2220.10009765625,2222.699951171875,2220.10009765625,2220.14990234375,7.0
2020-07-21 13:50:00,2220.14990234375,2224.699951171875,2220.14990234375,2224.699951171875,38.0
2020-07-21 13:55:00,2220.199951171875,2220.199951171875,2219.35009765625,2220.0,59.0
2020-07-21 14:05:00,2223.0,2224.35009765625,2223.0,2224.35009765625,5.0
2020-07-21 14:10:00,2223.0,2224.949951171875,2220.25,2220.85009765625,96.0
2020-07-21 14:15:00,2222.0,2228.89990234375,2222.0,2225.14990234375,100.0
2020-07-21 14:20:00,2225.14990234375,2235.0,2225.14990234375,2231.050048828125,97.0
2020-07-21 14:25:00,2231.25,2238.550048828125,2231.25,2236.699951171875,133.0
2020-07-21 14:30:00,2235.050048828125,2270.75,2235.0,2266.199951171875,671.0
2020-07-21 14:35:00,2262.64990234375,2262.64990234375,2240.0,2252.050048828125,95.0
2020-07-21 14:40:00,2252.550048828125,2252.550048828125,2252.5,2252.5,9.0
2020-07-21 14:45:00,2252.550048828125,2252.550048828125,2240.050048828125,2241.10009765625,209.0
2020-07-21 14:50:00,2241.550048828125,2242.0,2241.5,2242.0,7.0
2020-07-21 14:55:00,2242.050048828125,2297.449951171875,2242.050048828125,2244.14990234375,439.0
2020-07-21 15:00:00,2244.10009765625,2272.300048828125,2225.0,2242.0,1014.0
2020-07-21 15:05:00,2244.300048828125,2252.0,2243.25,2246.0,107.0
2020-07-21 15:10:00,2246.199951171875,2256.050048828125,2246.050048828125,2256.050048828125,181.0
2020-07-21 15:15:00,2253.25,2256.199951171875,2245.0,2246.050048828125,139.0
2020-07-21 15:20:00,2246.300048828125,2264.85009765625,2246.300048828125,2255.050048828125,92.0
2020-07-21 15:25:00,2254.949951171875,2275.0,2246.800048828125,2255.699951171875,178.0
2020-07-22 09:15:00,2265.0,2277.0,2250.5,2250.5,0.0
2020-07-22 09:20:00,2251.0,2251.0,2251.0,2251.0,9.0
2020-07-22 09:25:00,2251.0,2251.35009765625,2251.0,2251.050048828125,25.0
2020-07-22 09:30:00,2250.5,2254.949951171875,2243.14990234375,2243.14990234375,54.0
2020-07-22 09:35:00,2250.0,2250.0,2228.75,2240.050048828125,44.0
2020-07-22 09:40:00,2248.0,2250.949951171875,2240.14990234375,2250.949951171875,34.0
2020-07-22 09:45:00,2254.14990234375,2254.85009765625,2250.0,2254.85009765625,30.0
2020-07-22 09:50:00,2250.0,2250.0,2243.5,2249.75,51.0
2020-07-22 09:55:00,2249.0,2249.0,2249.0,2249.0,1.0
2020-07-22 10:00:00,2254.25,2265.0,2251.550048828125,2265.0,62.0
2020-07-22 10:05:00,2268.0,2277.10009765625,2257.85009765625,2268.0,65.0
2020-07-22 10:10:00,2279.949951171875,2285.0,2260.0,2261.0,318.0
2020-07-22 10:15:00,2265.050048828125,2269.89990234375,2265.050048828125,2268.5,125.0
2020-07-22 10:20:00,2266.050048828125,2268.5,2265.64990234375,2265.64990234375,18.0
2020-07-22 10:25:00,2265.64990234375,2268.300048828125,2265.050048828125,2265.050048828125,21.0
2020-07-22 10:30:00,2265.10009765625,2265.10009765625,2265.10009765625,2265.10009765625,3.0
2020-07-22 10:35:00,2265.050048828125,2268.0,2265.050048828125,2265.050048828125,3.0
2020-07-22 10:40:00,2265.10009765625,2265.10009765625,2265.050048828125,2265.050048828125,35.0
2020-07-22 10:45:00,2289.85009765625,2289.85009765625,2266.35009765625,2283.35009765625,144.0
2020-07-22 10:50:00,2269.64990234375,2280.85009765625,2267.5,2273.10009765625,117.0
2020-07-22 10:55:00,2275.0,2275.0,2274.35009765625,2274.35009765625,2.0
2020-07-22 11:00:00,2273.25,2273.25,2273.10009765625,2273.14990234375,15.0
2020-07-22 11:05:00,2273.14990234375,2285.199951171875,2273.14990234375,2285.199951171875,42.0
2020-07-22 11:10:00,2283.949951171875,2290.300048828125,2280.050048828125,2290.300048828125,58.0
2020-07-22 11:15:00,2290.300048828125,2303.949951171875,2290.300048828125,2292.25,490.0
2020-07-22 11:20:00,2299.0,2302.300048828125,2282.85009765625,2290.60009765625,134.0
2020-07-22 11:25:00,2300.0,2300.0,2292.0,2292.0,61.0
2020-07-22 11:30:00,2292.0,2300.0,2285.949951171875,2292.14990234375,131.0
2020-07-22 11:35:00,2300.0,2311.5,2292.199951171875,2311.449951171875,334.0
2020-07-22 11:40:00,2302.0,2325.64990234375,2302.0,2307.25,562.0
2020-07-22 11:45:00,2306.85009765625,2319.449951171875,2306.85009765625,2310.050048828125,17.0
2020-07-22 11:50:00,2310.0,2342.75,2305.0,2316.0,518.0
2020-07-22 11:55:00,2316.0,2316.0,2290.0,2296.050048828125,186.0
2020-07-22 12:00:00,2298.0,2302.949951171875,2290.050048828125,2302.949951171875,124.0
2020-07-22 12:05:00,2294.35009765625,2299.699951171875,2286.0,2288.64990234375,149.0
2020-07-22 12:10:00,2300.0,2300.0,2287.0,2300.0,158.0
2020-07-22 12:15:00,2295.64990234375,2319.0,2295.64990234375,2300.050048828125,118.0
2020-07-22 12:20:00,2295.0,2295.050048828125,2295.0,2295.0,20.0
2020-07-22 12:25:00,2304.949951171875,2308.0,2304.949951171875,2305.0,33.0
2020-07-22 12:30:00,2300.050048828125,2300.050048828125,2300.050048828125,2300.050048828125,12.0
2020-07-22 12:40:00,2300.14990234375,2315.14990234375,2300.050048828125,2315.14990234375,11.0
2020-07-22 12:45:00,2305.0,2309.0,2305.0,2308.0,7.0
2020-07-22 12:55:00,2313.0,2313.0,2300.949951171875,2300.949951171875,192.0
2020-07-22 13:00:00,2324.050048828125,2330.0,2324.050048828125,2327.050048828125,136.0
2020-07-22 13:05:00,2327.0,2334.699951171875,2314.300048828125,2317.14990234375,106.0
2020-07-22 13:10:00,2316.85009765625,2339.89990234375,2316.85009765625,2321.39990234375,43.0
2020-07-22 13:15:00,2329.0,2330.050048828125,2310.14990234375,2310.14990234375,82.0
2020-07-22 13:20:00,2311.60009765625,2333.199951171875,2311.5,2333.199951171875,138.0
2020-07-22 13:25:00,2312.0,2330.10009765625,2300.0,2302.449951171875,349.0
2020-07-22 13:30:00,2303.0,2320.0,2303.0,2306.199951171875,33.0
2020-07-22 13:35:00,2310.0,2310.0,2305.0,2305.0,5.0
2020-07-22 13:40:00,2315.0,2315.0,2305.0,2305.0,28.0
2020-07-22 13:45:00,2320.0,2320.0,2309.949951171875,2310.0,61.0
2020-07-22 13:50:00,2310.0,2310.0,2302.89990234375,2302.89990234375,21.0
2020-07-22 13:55:00,2313.050048828125,2319.949951171875,2303.10009765625,2306.10009765625,102.0
2020-07-22 14:00:00,2330.0,2330.0,2308.85009765625,2308.85009765625,105.0
2020-07-22 14:05:00,2312.550048828125,2312.550048828125,2312.5,2312.5,3.0
2020-07-22 14:10:00,2318.64990234375,2318.64990234375,2295.0,2297.0,271.0
2020-07-22 14:15:00,2318.0,2318.0,2299.85009765625,2299.85009765625,82.0
2020-07-22 14:25:00,2305.0,2305.0,2296.050048828125,2296.050048828125,48.0
2020-07-22 14:30:00,2300.0,2304.949951171875,2295.300048828125,2297.0,41.0
2020-07-22 14:35:00,2314.949951171875,2314.949951171875,2295.0,2296.199951171875,78.0
2020-07-22 14:40:00,2298.0,2298.050048828125,2284.0,2284.050048828125,28.0
2020-07-22 14:45:00,2290.0,2290.0,2286.050048828125,2286.050048828125,37.0
2020-07-22 14:50:00,2290.0,2290.0,2285.14990234375,2285.14990234375,23.0
2020-07-22 14:55:00,2274.35009765625,2284.89990234375,2270.050048828125,2273.050048828125,150.0
2020-07-22 15:00:00,2281.89990234375,2290.0,2275.050048828125,2279.050048828125,27.0
2020-07-22 15:05:00,2290.0,2290.0,2281.300048828125,2289.89990234375,52.0
2020-07-22 15:10:00,2283.050048828125,2283.300048828125,2265.14990234375,2280.0,173.0
2020-07-22 15:15:00,2280.0,2280.0,2265.800048828125,2265.85009765625,200.0
2020-07-22 15:20:00,2265.85009765625,2284.64990234375,2250.0,2270.0,489.0
2020-07-22 15:25:00,2274.949951171875,2276.75,2255.35009765625,2268.89990234375,152.0
2020-07-23 09:15:00,2276.050048828125,2276.050048828125,2276.050048828125,2276.050048828125,0.0
2020-07-23 09:20:00,2262.10009765625,2276.449951171875,2262.10009765625,2276.449951171875,62.0
2020-07-23 09:25:00,2280.25,2290.89990234375,2280.25,2289.0,25.0
2020-07-23 09:30:00,2288.949951171875,2288.949951171875,2288.949951171875,2288.949951171875,0.0
2020-07-23 09:40:00,2285.0,2293.800048828125,2285.0,2285.300048828125,29.0
2020-07-23 09:45:00,2290.0,2290.0,2284.050048828125,2284.050048828125,5.0
2020-07-23 09:55:00,2280.050048828125,2280.050048828125,2279.5,2279.5,22.0
2020-07-23 10:00:00,2279.449951171875,2279.449951171875,2275.0,2275.0,11.0
2020-07-23 10:10:00,2270.75,2270.75,2270.75,2270.75,8.0
2020-07-23 10:15:00,2270.75,2270.75,2270.39990234375,2270.39990234375,12.0
2020-07-23 10:20:00,2275.0,2275.0,2270.0,2270.0,23.0
2020-07-23 10:25:00,2270.050048828125,2270.050048828125,2270.0,2270.0,0.0
2020-07-23 10:30:00,2270.10009765625,2270.10009765625,2270.10009765625,2270.10009765625,7.0
2020-07-23 10:40:00,2270.0,2270.0,2267.85009765625,2267.85009765625,10.0
2020-07-23 10:45:00,2267.85009765625,2267.85009765625,2267.85009765625,2267.85009765625,1.0
2020-07-23 10:50:00,2273.550048828125,2278.0,2273.550048828125,2278.0,16.0
2020-07-23 10:55:00,2280.050048828125,2287.60009765625,2280.050048828125,2280.14990234375,32.0
2020-07-23 11:00:00,2284.10009765625,2287.949951171875,2283.199951171875,2283.199951171875,14.0
2020-07-23 11:05:00,2283.89990234375,2283.89990234375,2282.050048828125,2282.050048828125,22.0
2020-07-23 11:15:00,2285.0,2287.949951171875,2285.0,2285.0,33.0
2020-07-23 11:20:00,2285.0,2285.0,2285.0,2285.0,1.0
2020-07-23 11:25:00,2289.85009765625,2289.85009765625,2282.050048828125,2282.050048828125,61.0
2020-07-23 11:30:00,2282.0,2282.0,2282.0,2282.0,13.0
2020-07-23 11:40:00,2282.0,2282.0,2277.14990234375,2277.14990234375,17.0
2020-07-23 11:45:00,2278.0,2278.0,2278.0,2278.0,0.0
2020-07-23 11:50:00,2278.0,2282.25,2278.0,2282.25,9.0
2020-07-23 11:55:00,2278.050048828125,2278.050048828125,2278.050048828125,2278.050048828125,1.0
2020-07-23 12:00:00,2262.050048828125,2262.050048828125,2262.050048828125,2262.050048828125,50.0
2020-07-23 12:05:00,2265.0,2279.0,2264.5,2279.0,83.0
2020-07-23 12:10:00,2275.0,2275.0,2270.050048828125,2270.050048828125,9.0
2020-07-23 12:15:00,2270.10009765625,2277.0,2270.10009765625,2277.0,5.0
2020-07-23 12:20:00,2275.0,2275.0,2275.0,2275.0,4.0
2020-07-23 12:25:00,2270.0,2270.0,2270.0,2270.0,11.0
2020-07-23 12:30:00,2271.0,2275.0,2271.0,2275.0,19.0
2020-07-23 12:35:00,2278.949951171875,2278.949951171875,2275.0,2275.0,10.0
2020-07-23 12:40:00,2279.0,2279.0,2279.0,2279.0,42.0
2020-07-23 12:45:00,2275.0,2288.050048828125,2275.0,2275.199951171875,26.0
2020-07-23 12:50:00,2275.0,2275.0,2275.0,2275.0,8.0
2020-07-23 12:55:00,2275.0,2276.449951171875,2271.10009765625,2271.10009765625,24.0
2020-07-23 13:10:00,2271.14990234375,2275.0,2271.14990234375,2275.0,19.0
2020-07-23 13:15:00,2275.0,2275.0,2271.449951171875,2271.449951171875,2.0
2020-07-23 13:30:00,2275.0,2275.0,2275.0,2275.0,4.0
2020-07-23 13:35:00,2279.300048828125,2279.35009765625,2275.0,2275.0,4.0
2020-07-23 13:40:00,2271.050048828125,2271.050048828125,2271.050048828125,2271.050048828125,1.0
2020-07-23 13:45:00,2278.64990234375,2278.64990234375,2268.0,2268.0,35.0
2020-07-23 14:05:00,2265.050048828125,2265.050048828125,2265.050048828125,2265.050048828125,9.0
2020-07-23 14:10:00,2265.050048828125,2265.050048828125,2265.050048828125,2265.050048828125,9.0
2020-07-23 14:15:00,2272.0,2272.949951171875,2272.0,2272.949951171875,10.0
2020-07-23 14:20:00,2265.550048828125,2272.949951171875,2265.550048828125,2272.949951171875,2.0
2020-07-23 14:25:00,2273.0,2273.0,2273.0,2273.0,2.0
2020-07-23 14:35:00,2272.89990234375,2272.949951171875,2272.89990234375,2272.89990234375,13.0
2020-07-23 14:40:00,2273.0,2273.0,2273.0,2273.0,3.0
2020-07-23 14:45:00,2270.0,2270.0,2265.60009765625,2265.60009765625,9.0
2020-07-23 14:50:00,2266.0,2267.64990234375,2262.0,2267.64990234375,33.0
2020-07-23 14:55:00,2262.050048828125,2267.75,2262.0,2267.75,54.0
2020-07-23 15:00:00,2268.050048828125,2272.0,2268.050048828125,2272.0,51.0
2020-07-23 15:05:00,2271.800048828125,2271.800048828125,2264.949951171875,2270.949951171875,74.0
2020-07-23 15:10:00,2263.800048828125,2269.25,2262.050048828125,2262.14990234375,9.0
2020-07-23 15:15:00,2266.60009765625,2266.60009765625,2262.10009765625,2266.550048828125,23.0
2020-07-23 15:20:00,2267.25,2268.0,2262.0,2262.0,50.0
2020-07-23 15:25:00,2260.0,2261.60009765625,2240.0,2261.60009765625,218.0
2020-07-24 09:15:00,2251.0,2251.0,2242.050048828125,2242.050048828125,0.0
2020-07-24 09:20:00,2254.800048828125,2254.800048828125,2254.800048828125,2254.800048828125,8.0
2020-07-24 09:25:00,2256.14990234375,2261.89990234375,2256.14990234375,2261.89990234375,10.0
2020-07-24 09:30:00,2254.800048828125,2269.64990234375,2254.800048828125,2269.64990234375,103.0
2020-07-24 09:35:00,2263.949951171875,2264.0,2256.300048828125,2264.0,8.0
2020-07-24 09:40:00,2264.85009765625,2268.0,2264.0,2264.0,13.0
2020-07-24 09:45:00,2264.0,2264.0,2262.0,2263.800048828125,14.0
2020-07-24 09:50:00,2264.0,2268.0,2262.050048828125,2268.0,33.0
2020-07-24 09:55:00,2269.949951171875,2270.35009765625,2265.0,2269.14990234375,59.0
2020-07-24 10:00:00,2268.050048828125,2268.050048828125,2268.050048828125,2268.050048828125,8.0
2020-07-24 10:05:00,2269.35009765625,2269.35009765625,2269.300048828125,2269.300048828125,45.0
2020-07-24 10:10:00,2275.0,2275.0,2265.10009765625,2265.10009765625,44.0
2020-07-24 10:15:00,2273.199951171875,2273.199951171875,2265.800048828125,2265.800048828125,8.0
2020-07-24 10:20:00,2265.800048828125,2269.0,2262.0,2269.0,65.0
2020-07-24 10:25:00,2269.0,2269.0,2262.0,2267.699951171875,109.0
2020-07-24 10:35:00,2270.0,2270.0,2265.550048828125,2270.0,53.0
2020-07-24 10:40:00,2271.0,2272.0,2271.0,2271.60009765625,74.0
2020-07-24 10:45:00,2271.0,2273.949951171875,2271.0,2271.0,22.0
2020-07-24 10:50:00,2270.0,2271.0,2265.0,2265.050048828125,73.0
2020-07-24 10:55:00,2263.0,2263.0,2263.0,2263.0,29.0
2020-07-24 11:00:00,2263.0,2269.949951171875,2263.0,2265.0,22.0
2020-07-24 11:10:00,2263.10009765625,2263.10009765625,2263.10009765625,2263.10009765625,2.0
2020-07-24 11:20:00,2265.050048828125,2268.449951171875,2265.050048828125,2268.449951171875,4.0
2020-07-24 11:30:00,2270.0,2270.0,2266.050048828125,2266.050048828125,5.0
2020-07-24 11:35:00,2270.0,2270.0,2270.0,2270.0,0.0
2020-07-24 11:40:00,2270.0,2270.0,2266.14990234375,2266.14990234375,6.0
2020-07-24 12:00:00,2266.0,2266.0,2265.0,2265.0,34.0
2020-07-24 12:05:00,2266.0,2266.0,2265.0,2265.0,58.0
2020-07-24 12:10:00,2260.0,2265.0,2254.85009765625,2254.85009765625,58.0
2020-07-24 12:20:00,2255.0,2255.0,2255.0,2255.0,14.0
2020-07-24 12:25:00,2260.0,2260.0,2260.0,2260.0,15.0
2020-07-24 12:30:00,2262.949951171875,2262.949951171875,2262.60009765625,2262.60009765625,13.0
2020-07-24 12:35:00,2263.0,2263.0,2256.699951171875,2261.89990234375,17.0
2020-07-24 12:40:00,2250.0,2259.0,2250.0,2250.050048828125,106.0
2020-07-24 12:45:00,2259.0,2270.64990234375,2259.0,2270.64990234375,28.0
2020-07-24 12:50:00,2265.0,2265.0,2265.0,2265.0,0.0
2020-07-24 12:55:00,2254.050048828125,2264.699951171875,2250.0,2250.0,109.0
2020-07-24 13:20:00,2258.85009765625,2258.85009765625,2258.85009765625,2258.85009765625,10.0
2020-07-24 13:25:00,2258.800048828125,2258.800048828125,2258.800048828125,2258.800048828125,1.0
2020-07-24 13:30:00,2263.25,2263.25,2255.0,2255.0,98.0
2020-07-24 13:40:00,2250.60009765625,2250.60009765625,2250.60009765625,2250.60009765625,4.0
2020-07-24 13:45:00,2251.89990234375,2255.0,2250.300048828125,2250.300048828125,31.0
2020-07-24 13:50:00,2251.0,2253.35009765625,2250.0,2250.0,367.0
2020-07-24 13:55:00,2250.0,2254.699951171875,2242.050048828125,2248.39990234375,101.0
2020-07-24 14:00:00,2249.699951171875,2249.699951171875,2249.699951171875,2249.699951171875,8.0
2020-07-24 14:05:00,2249.699951171875,2258.949951171875,2249.699951171875,2258.949951171875,131.0
2020-07-24 14:10:00,2260.0,2265.0,2260.0,2265.0,9.0
2020-07-24 14:15:00,2264.0,2267.89990234375,2262.85009765625,2262.85009765625,37.0
2020-07-24 14:20:00,2260.0,2260.0,2249.89990234375,2249.89990234375,55.0
2020-07-24 14:30:00,2244.64990234375,2249.75,2244.64990234375,2249.75,18.0
2020-07-24 14:35:00,2249.85009765625,2250.0,2249.85009765625,2250.0,35.0
2020-07-24 14:40:00,2249.800048828125,2249.800048828125,2249.800048828125,2249.800048828125,4.0
2020-07-24 14:50:00,2248.10009765625,2249.800048828125,2248.10009765625,2249.800048828125,13.0
2020-07-24 14:55:00,2250.0,2255.0,2250.0,2255.0,22.0
2020-07-24 15:00:00,2250.0,2250.0,2250.0,2250.0,0.0
2020-07-24 15:05:00,2245.0,2249.89990234375,2245.0,2249.89990234375,38.0
2020-07-24 15:10:00,2244.75,2244.75,2244.75,2244.75,5.0
2020-07-24 15:15:00,2249.89990234375,2250.0,2249.89990234375,2250.0,16.0
2020-07-24 15:20:00,2250.0,2250.0,2242.0,2242.0,173.0
2020-07-24 15:25:00,2243.550048828125,2245.60009765625,2240.0,2245.60009765625,69.0
2020-07-27 09:15:00,2222.0,2235.89990234375,2222.0,2224.050048828125,0.0
2020-07-27 09:20:00,2222.199951171875,2223.89990234375,2216.0,2216.0,94.0
2020-07-27 09:25:00,2215.050048828125,2223.449951171875,2215.050048828125,2217.300048828125,45.0
2020-07-27 09:30:00,2217.300048828125,2217.5,2216.0,2216.0,31.0
2020-07-27 09:35:00,2220.64990234375,2220.64990234375,2220.64990234375,2220.64990234375,2.0
2020-07-27 09:40:00,2222.0,2222.0,2222.0,2222.0,16.0
2020-07-27 09:45:00,2222.300048828125,2229.550048828125,2222.0,2229.550048828125,12.0
2020-07-27 09:50:00,2225.25,2227.10009765625,2212.800048828125,2227.10009765625,50.0
2020-07-27 09:55:00,2220.050048828125,2229.949951171875,2219.050048828125,2229.949951171875,87.0
2020-07-27 10:00:00,2229.949951171875,2229.949951171875,2222.050048828125,2222.050048828125,4.0
2020-07-27 10:05:00,2229.800048828125,2229.800048828125,2229.800048828125,2229.800048828125,7.0
2020-07-27 10:10:00,2229.949951171875,2229.949951171875,2222.949951171875,2222.949951171875,0.0
2020-07-27 10:15:00,2229.60009765625,2229.60009765625,2229.60009765625,2229.60009765625,2.0
2020-07-27 10:25:00,2224.35009765625,2224.35009765625,2224.35009765625,2224.35009765625,11.0
2020-07-27 10:30:00,2223.050048828125,2223.050048828125,2223.050048828125,2223.050048828125,0.0
2020-07-27 10:35:00,2223.050048828125,2223.050048828125,2223.050048828125,2223.050048828125,6.0
2020-07-27 10:40:00,2222.0,2222.0,2222.0,2222.0,1.0
2020-07-27 10:45:00,2227.14990234375,2230.0,2222.0,2222.0,41.0
2020-07-27 10:55:00,2220.10009765625,2220.10009765625,2220.050048828125,2220.050048828125,5.0
2020-07-27 11:00:00,2220.0,2220.0,2220.0,2220.0,1.0
2020-07-27 11:10:00,2222.0,2222.0,2220.0,2222.0,6.0
2020-07-27 11:15:00,2223.449951171875,2223.449951171875,2223.449951171875,2223.449951171875,4.0
2020-07-27 11:30:00,2222.949951171875,2222.949951171875,2222.949951171875,2222.949951171875,1.0
2020-07-27 11:35:00,2230.0,2230.0,2220.10009765625,2220.10009765625,221.0
2020-07-27 11:45:00,2220.10009765625,2220.10009765625,2220.10009765625,2220.10009765625,2.0
2020-07-27 11:55:00,2220.050048828125,2220.050048828125,2220.0,2220.0,14.0
2020-07-27 12:00:00,2220.10009765625,2220.10009765625,2220.10009765625,2220.10009765625,9.0
2020-07-27 12:05:00,2220.10009765625,2220.10009765625,2220.10009765625,2220.10009765625,0.0
2020-07-27 12:15:00,2220.0,2221.0,2220.0,2220.050048828125,19.0
2020-07-27 12:20:00,2220.0,2221.050048828125,2220.0,2221.050048828125,1.0
2020-07-27 12:30:00,2221.0,2221.0,2221.0,2221.0,1.0
2020-07-27 12:35:00,2224.949951171875,2224.949951171875,2224.949951171875,2224.949951171875,0.0
2020-07-27 12:40:00,2224.949951171875,2224.949951171875,2224.949951171875,2224.949951171875,3.0
2020-07-27 12:45:00,2224.89990234375,2228.0,2224.89990234375,2228.0,25.0
2020-07-27 12:50:00,2221.14990234375,2224.550048828125,2221.14990234375,2224.550048828125,7.0
2020-07-27 12:55:00,2225.949951171875,2225.949951171875,2225.949951171875,2225.949951171875,38.0
2020-07-27 13:00:00,2225.949951171875,2225.949951171875,2225.949951171875,2225.949951171875,2.0
2020-07-27 13:05:00,2226.0,2229.949951171875,2226.0,2229.949951171875,6.0
2020-07-27 13:10:00,2229.85009765625,2229.85009765625,2229.85009765625,2229.85009765625,1.0
2020-07-27 13:25:00,2226.0,2226.0,2226.0,2226.0,6.0
2020-07-27 13:30:00,2227.5,2227.5,2227.5,2227.5,0.0
2020-07-27 13:35:00,2226.0,2229.0,2226.0,2229.0,58.0
2020-07-27 13:40:00,2226.0,2230.0,2226.0,2230.0,44.0
2020-07-27 13:50:00,2226.0,2229.800048828125,2226.0,2229.800048828125,11.0
2020-07-27 13:55:00,2229.800048828125,2229.800048828125,2226.0,2226.0,66.0
2020-07-27 14:00:00,2226.0,2226.0,2226.0,2226.0,0.0
2020-07-27 14:05:00,2226.0,2226.0,2226.0,2226.0,14.0
2020-07-27 14:10:00,2226.0,2226.0,2226.0,2226.0,3.0
2020-07-27 14:15:00,2226.0,2227.89990234375,2226.0,2227.89990234375,1.0
2020-07-27 14:20:00,2227.800048828125,2227.800048828125,2227.60009765625,2227.699951171875,31.0
2020-07-27 14:25:00,2227.699951171875,2244.5,2227.699951171875,2244.0,260.0
2020-07-27 14:30:00,2244.0,2250.050048828125,2244.0,2249.949951171875,567.0
2020-07-27 14:35:00,2249.0,2250.0,2249.0,2250.0,111.0
2020-07-27 14:40:00,2250.800048828125,2284.949951171875,2250.0,2272.75,279.0
2020-07-27 14:45:00,2283.75,2284.5,2273.550048828125,2278.60009765625,96.0
2020-07-27 14:50:00,2282.0,2282.0,2265.0,2270.0,208.0
2020-07-27 14:55:00,2270.0,2275.0,2270.0,2270.0,29.0
2020-07-27 15:00:00,2279.5,2280.199951171875,2275.0,2280.0,255.0
2020-07-27 15:05:00,2280.199951171875,2285.0,2277.550048828125,2277.60009765625,225.0
2020-07-27 15:10:00,2277.60009765625,2279.75,2268.050048828125,2268.050048828125,40.0
2020-07-27 15:15:00,2266.0,2266.699951171875,2260.0,2265.0,189.0
2020-07-27 15:20:00,2274.949951171875,2274.949951171875,2253.14990234375,2268.89990234375,139.0
2020-07-27 15:25:00,2265.0,2278.949951171875,2245.75,2273.050048828125,154.0
2020-07-28 09:15:00,2250.050048828125,2250.050048828125,2250.050048828125,2250.050048828125,0.0
2020-07-28 09:20:00,2265.64990234375,2265.64990234375,2265.64990234375,2265.64990234375,25.0
2020-07-28 09:25:00,2262.550048828125,2262.550048828125,2262.5,2262.5,13.0
2020-07-28 09:30:00,2261.800048828125,2261.800048828125,2251.050048828125,2251.050048828125,58.0
2020-07-28 09:35:00,2252.949951171875,2253.0,2252.949951171875,2252.949951171875,13.0
2020-07-28 09:40:00,2251.300048828125,2251.300048828125,2251.300048828125,2251.300048828125,65.0
2020-07-28 09:45:00,2259.199951171875,2259.550048828125,2259.199951171875,2259.550048828125,0.0
2020-07-28 10:00:00,2259.550048828125,2261.949951171875,2259.550048828125,2261.949951171875,6.0
2020-07-28 10:05:00,2261.949951171875,2261.949951171875,2259.550048828125,2260.0,96.0
2020-07-28 10:10:00,2261.949951171875,2263.0,2260.10009765625,2260.10009765625,6.0
2020-07-28 10:15:00,2264.699951171875,2270.0,2260.199951171875,2265.75,727.0
2020-07-28 10:20:00,2274.300048828125,2279.64990234375,2266.0,2274.949951171875,129.0
2020-07-28 10:25:00,2274.89990234375,2278.949951171875,2271.050048828125,2271.050048828125,32.0
2020-07-28 10:30:00,2269.699951171875,2269.699951171875,2264.550048828125,2264.550048828125,54.0
2020-07-28 10:35:00,2264.14990234375,2264.14990234375,2260.25,2261.0,53.0
2020-07-28 10:40:00,2252.050048828125,2252.050048828125,2242.0,2242.0,253.0
2020-07-28 10:50:00,2244.050048828125,2244.050048828125,2244.050048828125,2244.050048828125,4.0
2020-07-28 10:55:00,2250.0,2253.10009765625,2250.0,2253.10009765625,7.0
2020-07-28 11:00:00,2245.0,2245.0,2245.0,2245.0,14.0
2020-07-28 11:05:00,2246.0,2246.0,2246.0,2246.0,4.0
2020-07-28 11:15:00,2249.75,2250.0,2246.14990234375,2250.0,11.0
2020-07-28 11:20:00,2250.0,2253.64990234375,2250.0,2253.64990234375,18.0
2020-07-28 11:25:00,2258.0,2259.0,2258.0,2259.0,3.0
2020-07-28 11:30:00,2259.0,2259.0,2246.5,2246.5,9.0
2020-07-28 11:35:00,2247.25,2247.25,2247.25,2247.25,2.0
2020-07-28 11:50:00,2259.449951171875,2259.449951171875,2259.449951171875,2259.449951171875,0.0
2020-07-28 11:55:00,2247.300048828125,2259.39990234375,2247.300048828125,2259.39990234375,17.0
2020-07-28 12:05:00,2258.85009765625,2258.85009765625,2258.85009765625,2258.85009765625,2.0
2020-07-28 12:10:00,2258.89990234375,2259.64990234375,2258.89990234375,2259.64990234375,13.0
2020-07-28 12:15:00,2262.60009765625,2262.60009765625,2262.60009765625,2262.60009765625,0.0
2020-07-28 12:20:00,2256.0,2256.0,2256.0,2256.0,5.0
2020-07-28 12:25:00,2262.5,2262.5,2256.0,2256.0,0.0
2020-07-28 12:35:00,2259.85009765625,2259.85009765625,2259.85009765625,2259.85009765625,2.0
2020-07-28 12:40:00,2262.5,2262.5,2260.0,2262.5,36.0
2020-07-28 12:45:00,2262.5,2262.5,2260.0,2260.0,4.0
2020-07-28 12:50:00,2262.5,2262.5,2262.5,2262.5,4.0
2020-07-28 13:00:00,2250.25,2250.25,2250.25,2250.25,9.0
2020-07-28 13:05:00,2265.0,2265.0,2253.25,2253.25,19.0
2020-07-28 13:10:00,2255.25,2255.25,2255.25,2255.25,4.0
2020-07-28 13:20:00,2255.25,2256.64990234375,2255.25,2256.64990234375,6.0
2020-07-28 13:30:00,2256.64990234375,2256.64990234375,2256.64990234375,2256.64990234375,2.0
2020-07-28 13:40:00,2258.89990234375,2258.89990234375,2258.89990234375,2258.89990234375,8.0
2020-07-28 13:45:00,2258.89990234375,2258.89990234375,2256.64990234375,2256.64990234375,9.0
2020-07-28 13:55:00,2256.0,2256.0,2256.0,2256.0,2.0
2020-07-28 14:00:00,2254.0,2254.0,2254.0,2254.0,2.0
2020-07-28 14:05:00,2254.0,2255.0,2254.0,2255.0,24.0
2020-07-28 14:15:00,2255.0,2256.39990234375,2255.0,2256.39990234375,23.0
2020-07-28 14:30:00,2256.5,2256.5,2250.39990234375,2250.39990234375,6.0
2020-07-28 14:40:00,2258.35009765625,2258.35009765625,2258.35009765625,2258.35009765625,8.0
2020-07-28 14:45:00,2250.699951171875,2257.85009765625,2250.699951171875,2257.85009765625,4.0
2020-07-28 14:50:00,2257.89990234375,2257.89990234375,2257.89990234375,2257.89990234375,5.0
2020-07-28 14:55:00,2255.0,2257.64990234375,2255.0,2257.64990234375,22.0
2020-07-28 15:05:00,2252.949951171875,2252.949951171875,2249.949951171875,2249.949951171875,28.0
2020-07-28 15:10:00,2249.39990234375,2249.39990234375,2240.550048828125,2249.39990234375,11.0
2020-07-28 15:15:00,2240.60009765625,2241.949951171875,2237.39990234375,2241.949951171875,59.0
2020-07-28 15:20:00,2235.0,2242.25,2228.0,2242.25,213.0
2020-07-28 15:25:00,2248.0,2248.0,2227.25,2235.14990234375,105.0
2020-07-29 09:20:00,2238.949951171875,2238.949951171875,2238.949951171875,2238.949951171875,0.0
2020-07-29 09:25:00,2239.0,2245.75,2239.0,2245.75,18.0
2020-07-29 09:30:00,2239.14990234375,2245.949951171875,2239.14990234375,2245.949951171875,5.0
2020-07-29 09:35:00,2246.0,2246.0,2246.0,2246.0,1.0
2020-07-29 09:40:00,2246.35009765625,2246.35009765625,2246.35009765625,2246.35009765625,7.0
2020-07-29 09:45:00,2252.050048828125,2252.050048828125,2250.0,2250.0,8.0
2020-07-29 09:50:00,2251.0,2251.0,2248.0,2248.0,4.0
2020-07-29 09:55:00,2246.0,2246.0,2240.199951171875,2240.199951171875,7.0
2020-07-29 10:00:00,2223.050048828125,2245.64990234375,2223.050048828125,2241.14990234375,89.0
2020-07-29 10:05:00,2239.89990234375,2240.0,2239.89990234375,2240.0,8.0
2020-07-29 10:15:00,2240.0,2240.0,2235.0,2235.0,15.0
2020-07-29 10:20:00,2226.0,2230.0,2226.0,2230.0,54.0
2020-07-29 10:25:00,2229.949951171875,2229.949951171875,2226.050048828125,2226.050048828125,0.0
2020-07-29 10:35:00,2230.0,2230.0,2230.0,2230.0,116.0
2020-07-29 10:40:00,2234.35009765625,2234.35009765625,2234.35009765625,2234.35009765625,0.0
2020-07-29 10:45:00,2234.0,2234.0,2230.050048828125,2234.0,54.0
2020-07-29 10:55:00,2234.0,2234.0,2234.0,2234.0,8.0
2020-07-29 11:00:00,2230.0,2230.0,2230.0,2230.0,8.0
2020-07-29 11:05:00,2230.0,2230.0,2230.0,2230.0,6.0
2020-07-29 11:20:00,2235.0,2235.0,2234.949951171875,2234.949951171875,52.0
2020-07-29 11:25:00,2235.0,2235.0,2230.050048828125,2230.050048828125,397.0
2020-07-29 11:30:00,2230.0,2230.0,2230.0,2230.0,0.0
2020-07-29 11:35:00,2235.0,2235.0,2230.050048828125,2230.050048828125,7.0
2020-07-29 11:40:00,2234.949951171875,2235.0,2234.949951171875,2235.0,6.0
2020-07-29 11:45:00,2234.949951171875,2234.949951171875,2234.949951171875,2234.949951171875,9.0
2020-07-29 11:50:00,2234.949951171875,2234.949951171875,2230.0,2230.0,12.0
2020-07-29 11:55:00,2234.85009765625,2234.85009765625,2234.85009765625,2234.85009765625,4.0
2020-07-29 12:00:00,2234.800048828125,2234.800048828125,2234.800048828125,2234.800048828125,0.0
2020-07-29 12:05:00,2234.85009765625,2234.85009765625,2230.0,2230.0,56.0
2020-07-29 12:10:00,2230.050048828125,2234.300048828125,2230.050048828125,2234.300048828125,0.0
2020-07-29 12:15:00,2234.300048828125,2234.300048828125,2230.10009765625,2230.10009765625,1.0
2020-07-29 12:20:00,2230.10009765625,2234.300048828125,2230.10009765625,2234.300048828125,11.0
2020-07-29 12:25:00,2230.10009765625,2230.10009765625,2230.10009765625,2230.10009765625,2.0
2020-07-29 12:30:00,2230.0,2234.300048828125,2230.0,2230.050048828125,45.0
2020-07-29 12:45:00,2234.85009765625,2234.85009765625,2234.85009765625,2234.85009765625,31.0
2020-07-29 12:50:00,2234.85009765625,2234.85009765625,2234.85009765625,2234.85009765625,2.0
2020-07-29 12:55:00,2234.85009765625,2234.85009765625,2234.85009765625,2234.85009765625,11.0
2020-07-29 13:00:00,2234.85009765625,2234.85009765625,2234.85009765625,2234.85009765625,0.0
2020-07-29 13:10:00,2234.85009765625,2234.85009765625,2234.85009765625,2234.85009765625,8.0
2020-07-29 13:20:00,2234.85009765625,2234.85009765625,2226.0,2227.050048828125,126.0
2020-07-29 13:45:00,2227.10009765625,2228.949951171875,2225.0,2228.949951171875,44.0
2020-07-29 14:05:00,2228.949951171875,2228.949951171875,2228.949951171875,2228.949951171875,2.0
2020-07-29 14:10:00,2228.5,2228.5,2228.5,2228.5,11.0
2020-07-29 14:15:00,2226.050048828125,2226.050048828125,2226.050048828125,2226.050048828125,0.0
2020-07-29 14:20:00,2228.0,2230.0,2226.050048828125,2226.050048828125,14.0
2020-07-29 14:35:00,2226.050048828125,2226.050048828125,2226.050048828125,2226.050048828125,13.0
2020-07-29 14:40:00,2226.0,2229.800048828125,2226.0,2229.800048828125,78.0
2020-07-29 14:50:00,2229.449951171875,2229.449951171875,2229.449951171875,2229.449951171875,10.0
2020-07-29 14:55:00,2229.85009765625,2229.85009765625,2223.75,2223.75,19.0
2020-07-29 15:00:00,2227.449951171875,2228.0,2215.0,2215.050048828125,378.0
2020-07-29 15:05:00,2223.949951171875,2223.949951171875,2223.949951171875,2223.949951171875,6.0
2020-07-29 15:10:00,2221.0,2221.0,2221.0,2221.0,19.0
2020-07-29 15:15:00,2224.0,2227.75,2220.949951171875,2220.949951171875,50.0
2020-07-29 15:20:00,2212.0,2226.050048828125,2211.199951171875,2223.199951171875,131.0
2020-07-29 15:25:00,2210.0,2220.800048828125,2205.0,2220.800048828125,114.0
2020-07-30 09:15:00,2205.64990234375,2205.64990234375,2202.64990234375,2202.64990234375,0.0
2020-07-30 09:20:00,2203.699951171875,2214.75,2203.699951171875,2214.75,17.0
2020-07-30 09:25:00,2217.5,2225.949951171875,2210.60009765625,2225.949951171875,33.0
2020-07-30 09:30:00,2228.699951171875,2228.699951171875,2227.050048828125,2227.050048828125,38.0
2020-07-30 09:35:00,2223.300048828125,2223.300048828125,2223.300048828125,2223.300048828125,8.0
2020-07-30 09:45:00,2217.64990234375,2217.64990234375,2217.64990234375,2217.64990234375,2.0
2020-07-30 09:55:00,2223.300048828125,2223.300048828125,2223.300048828125,2223.300048828125,6.0
2020-07-30 10:20:00,2223.25,2223.25,2223.25,2223.25,1.0
2020-07-30 10:25:00,2217.699951171875,2217.699951171875,2217.699951171875,2217.699951171875,2.0
2020-07-30 10:30:00,2221.0,2221.0,2220.0,2220.0,9.0
2020-07-30 10:35:00,2216.199951171875,2223.10009765625,2210.0,2213.0,126.0
2020-07-30 10:40:00,2222.0,2222.0,2222.0,2222.0,4.0
2020-07-30 10:45:00,2223.300048828125,2229.75,2223.300048828125,2229.75,49.0
2020-07-30 10:50:00,2229.75,2245.550048828125,2226.050048828125,2226.050048828125,219.0
2020-07-30 10:55:00,2245.0,2245.0,2220.449951171875,2220.5,136.0
2020-07-30 11:00:00,2211.0,2217.5,2211.0,2217.5,11.0
2020-07-30 11:05:00,2217.5,2217.5,2217.5,2217.5,4.0
2020-07-30 11:25:00,2220.0,2221.0,2211.5,2211.5,73.0
2020-07-30 11:35:00,2219.75,2219.800048828125,2219.75,2219.800048828125,7.0
2020-07-30 11:40:00,2219.800048828125,2219.800048828125,2213.25,2213.25,11.0
2020-07-30 11:45:00,2219.0,2219.0,2212.5,2212.5,47.0
2020-07-30 11:50:00,2212.550048828125,2212.550048828125,2212.550048828125,2212.550048828125,0.0
2020-07-30 12:00:00,2217.75,2217.75,2217.75,2217.75,6.0
2020-07-30 12:05:00,2212.550048828125,2212.550048828125,2212.550048828125,2212.550048828125,16.0
2020-07-30 12:10:00,2217.699951171875,2217.699951171875,2217.699951171875,2217.699951171875,2.0
2020-07-30 12:15:00,2217.699951171875,2217.699951171875,2217.699951171875,2217.699951171875,0.0
2020-07-30 12:20:00,2216.85009765625,2217.550048828125,2216.85009765625,2217.550048828125,13.0
2020-07-30 12:25:00,2217.0,2217.0,2217.0,2217.0,2.0
2020-07-30 12:30:00,2212.0,2212.0,2211.050048828125,2211.050048828125,44.0
2020-07-30 12:50:00,2216.75,2216.89990234375,2216.75,2216.89990234375,41.0
2020-07-30 13:05:00,2217.5,2217.5,2217.5,2217.5,10.0
2020-07-30 13:10:00,2217.5,2217.5,2217.5,2217.5,0.0
2020-07-30 13:15:00,2217.5,2217.5,2217.449951171875,2217.449951171875,1.0
2020-07-30 13:20:00,2211.050048828125,2217.39990234375,2211.050048828125,2211.10009765625,19.0
2020-07-30 13:25:00,2211.10009765625,2211.10009765625,2211.10009765625,2211.10009765625,5.0
2020-07-30 13:30:00,2210.0,2217.449951171875,2210.0,2217.39990234375,59.0
2020-07-30 13:35:00,2210.39990234375,2210.39990234375,2210.39990234375,2210.39990234375,5.0
2020-07-30 13:40:00,2212.0,2212.0,2212.0,2212.0,4.0
2020-07-30 13:45:00,2214.75,2214.75,2212.14990234375,2212.14990234375,4.0
2020-07-30 13:50:00,2213.10009765625,2217.449951171875,2213.10009765625,2217.449951171875,51.0
2020-07-30 14:00:00,2217.449951171875,2217.449951171875,2217.449951171875,2217.449951171875,0.0
2020-07-30 14:05:00,2215.0,2217.75,2215.0,2217.75,73.0
2020-07-30 14:15:00,2215.0,2215.0,2215.0,2215.0,89.0
2020-07-30 14:20:00,2220.949951171875,2220.949951171875,2210.0,2210.0,180.0
2020-07-30 14:25:00,2210.0,2210.0,2210.0,2210.0,2.0
2020-07-30 14:30:00,2215.0,2218.0,2215.0,2218.0,2.0
2020-07-30 14:40:00,2217.949951171875,2217.949951171875,2217.949951171875,2217.949951171875,12.0
2020-07-30 14:45:00,2218.0,2219.0,2212.300048828125,2217.0,6.0
2020-07-30 14:50:00,2212.300048828125,2215.949951171875,2212.300048828125,2215.949951171875,23.0
2020-07-30 14:55:00,2215.949951171875,2215.949951171875,2215.949951171875,2215.949951171875,0.0
2020-07-30 15:00:00,2216.0,2216.0,2215.949951171875,2215.949951171875,26.0
2020-07-30 15:05:00,2215.949951171875,2215.949951171875,2215.949951171875,2215.949951171875,47.0
2020-07-30 15:10:00,2214.75,2214.75,2214.75,2214.75,12.0
2020-07-30 15:15:00,2214.699951171875,2214.699951171875,2214.699951171875,2214.699951171875,2.0
2020-07-30 15:20:00,2214.699951171875,2215.0,2210.300048828125,2214.89990234375,90.0
2020-07-30 15:25:00,2210.300048828125,2212.949951171875,2210.0,2212.949951171875,79.0
2020-07-31 09:15:00,2237.0,2237.0,2233.949951171875,2233.949951171875,0.0
2020-07-31 09:25:00,2223.300048828125,2232.949951171875,2223.300048828125,2232.949951171875,12.0
2020-07-31 09:30:00,2223.300048828125,2223.300048828125,2223.300048828125,2223.300048828125,3.0
2020-07-31 09:35:00,2231.5,2231.5,2223.60009765625,2223.60009765625,4.0
2020-07-31 09:45:00,2224.10009765625,2224.10009765625,2223.64990234375,2223.64990234375,6.0
2020-07-31 09:50:00,2223.60009765625,2223.60009765625,2213.10009765625,2218.0,48.0
2020-07-31 09:55:00,2215.0,2225.89990234375,2215.0,2225.449951171875,19.0
2020-07-31 10:00:00,2206.050048828125,2225.14990234375,2206.050048828125,2215.199951171875,107.0
2020-07-31 10:05:00,2215.199951171875,2215.199951171875,2215.199951171875,2215.199951171875,0.0
2020-07-31 10:10:00,2220.14990234375,2220.14990234375,2210.10009765625,2210.10009765625,10.0
2020-07-31 10:15:00,2219.75,2219.75,2219.75,2219.75,6.0
2020-07-31 10:20:00,2212.10009765625,2212.10009765625,2212.10009765625,2212.10009765625,2.0
2020-07-31 10:25:00,2211.25,2219.0,2211.25,2212.300048828125,22.0
2020-07-31 10:30:00,2218.75,2218.75,2211.35009765625,2211.35009765625,4.0
2020-07-31 10:35:00,2211.199951171875,2211.199951171875,2211.199951171875,2211.199951171875,23.0
2020-07-31 10:40:00,2210.050048828125,2210.050048828125,2210.0,2210.0,21.0
2020-07-31 10:45:00,2207.0,2214.14990234375,2205.0,2214.14990234375,7.0
2020-07-31 10:50:00,2214.14990234375,2214.14990234375,2214.14990234375,2214.14990234375,11.0
2020-07-31 10:55:00,2214.14990234375,2214.14990234375,2214.14990234375,2214.14990234375,58.0
2020-07-31 11:10:00,2214.0,2214.14990234375,2214.0,2214.14990234375,11.0
2020-07-31 11:15:00,2214.14990234375,2214.14990234375,2214.14990234375,2214.14990234375,1.0
2020-07-31 11:20:00,2214.14990234375,2214.75,2214.14990234375,2214.75,14.0
2020-07-31 11:40:00,2215.0,2215.0,2214.949951171875,2214.949951171875,6.0
2020-07-31 12:00:00,2215.0,2215.0,2215.0,2215.0,1.0
2020-07-31 12:05:00,2206.050048828125,2206.050048828125,2206.050048828125,2206.050048828125,6.0
2020-07-31 12:10:00,2208.39990234375,2214.949951171875,2206.35009765625,2206.35009765625,13.0
2020-07-31 12:15:00,2206.60009765625,2206.60009765625,2206.60009765625,2206.60009765625,0.0
2020-07-31 12:20:00,2206.0,2206.0,2195.050048828125,2195.050048828125,377.0
2020-07-31 12:25:00,2195.0,2199.85009765625,2188.949951171875,2191.0,133.0
2020-07-31 12:30:00,2191.0,2199.800048828125,2185.0,2185.0,147.0
2020-07-31 12:35:00,2185.050048828125,2185.050048828125,2182.60009765625,2182.60009765625,134.0
2020-07-31 12:40:00,2189.199951171875,2194.89990234375,2183.050048828125,2194.89990234375,58.0
2020-07-31 12:45:00,2184.14990234375,2191.949951171875,2184.14990234375,2191.949951171875,0.0
2020-07-31 12:50:00,2184.25,2184.25,2184.25,2184.25,8.0
2020-07-31 12:55:00,2189.5,2189.5,2183.89990234375,2183.89990234375,38.0
2020-07-31 13:00:00,2185.0,2185.0,2185.0,2185.0,6.0
2020-07-31 13:05:00,2185.0,2185.0,2185.0,2185.0,2.0
2020-07-31 13:15:00,2185.5,2188.949951171875,2185.5,2188.949951171875,32.0
2020-07-31 13:20:00,2191.949951171875,2191.949951171875,2191.949951171875,2191.949951171875,12.0
2020-07-31 13:25:00,2190.050048828125,2192.0,2190.050048828125,2192.0,32.0
2020-07-31 13:30:00,2190.10009765625,2191.550048828125,2189.64990234375,2189.64990234375,45.0
2020-07-31 13:35:00,2191.39990234375,2191.39990234375,2191.39990234375,2191.39990234375,7.0
2020-07-31 13:40:00,2191.39990234375,2191.39990234375,2191.39990234375,2191.39990234375,9.0
2020-07-31 13:45:00,2190.050048828125,2190.050048828125,2190.0,2190.0,22.0
2020-07-31 13:50:00,2189.800048828125,2190.0,2189.800048828125,2190.0,7.0
2020-07-31 13:55:00,2190.0,2192.0,2190.0,2192.0,8.0
2020-07-31 14:00:00,2191.699951171875,2191.699951171875,2188.0,2190.0,33.0
2020-07-31 14:05:00,2190.0,2190.0,2183.89990234375,2187.300048828125,116.0
2020-07-31 14:10:00,2187.300048828125,2187.300048828125,2183.050048828125,2185.60009765625,14.0
2020-07-31 14:20:00,2186.0,2188.0,2180.300048828125,2188.0,209.0
2020-07-31 14:25:00,2188.0,2190.0,2186.050048828125,2190.0,5.0
2020-07-31 14:30:00,2192.0,2192.0,2192.0,2192.0,11.0
2020-07-31 14:35:00,2192.050048828125,2192.050048828125,2190.0,2190.0,98.0
2020-07-31 14:40:00,2188.949951171875,2193.75,2188.949951171875,2193.75,37.0
2020-07-31 14:45:00,2192.949951171875,2192.949951171875,2192.949951171875,2192.949951171875,3.0
2020-07-31 14:50:00,2192.0,2193.75,2192.0,2193.75,5.0
2020-07-31 14:55:00,2193.800048828125,2193.800048828125,2193.800048828125,2193.800048828125,6.0
2020-07-31 15:00:00,2193.800048828125,2197.0,2193.0,2196.85009765625,70.0
2020-07-31 15:05:00,2195.60009765625,2234.800048828125,2189.89990234375,2234.75,576.0
2020-07-31 15:10:00,2231.199951171875,2236.449951171875,2221.25,2235.0,847.0
2020-07-31 15:15:00,2235.64990234375,2237.199951171875,2226.949951171875,2231.300048828125,934.0
2020-07-31 15:20:00,2235.699951171875,2238.14990234375,2227.550048828125,2231.300048828125,729.0
2020-07-31 15:25:00,2230.199951171875,2240.199951171875,2221.0,2228.85009765625,586.0
2020-08-03 09:15:00,2263.75,2263.75,2225.25,2225.25,0.0
2020-08-03 09:20:00,2225.050048828125,2225.050048828125,2214.5,2214.5,48.0
2020-08-03 09:25:00,2200.050048828125,2215.14990234375,2200.050048828125,2213.35009765625,88.0
2020-08-03 09:30:00,2205.050048828125,2225.25,2205.050048828125,2225.25,111.0
2020-08-03 09:35:00,2224.699951171875,2224.699951171875,2214.35009765625,2224.0,0.0
2020-08-03 09:40:00,2225.25,2225.25,2223.0,2225.199951171875,29.0
2020-08-03 09:45:00,2223.0,2223.0,2223.0,2223.0,7.0
2020-08-03 09:50:00,2220.0,2220.0,2220.0,2220.0,2.0
2020-08-03 09:55:00,2220.0,2220.0,2220.0,2220.0,1.0
2020-08-03 10:00:00,2205.050048828125,2220.10009765625,2205.050048828125,2205.550048828125,97.0
2020-08-03 10:05:00,2205.050048828125,2205.050048828125,2200.699951171875,2200.699951171875,178.0
2020-08-03 10:10:00,2201.0,2201.0,2178.0,2178.699951171875,1154.0
2020-08-03 10:15:00,2178.699951171875,2180.050048828125,2171.10009765625,2176.10009765625,212.0
2020-08-03 10:20:00,2184.949951171875,2185.050048828125,2177.10009765625,2185.050048828125,3.0
2020-08-03 10:25:00,2185.0,2191.35009765625,2180.10009765625,2191.35009765625,17.0
2020-08-03 10:30:00,2182.050048828125,2191.60009765625,2182.050048828125,2190.949951171875,24.0
2020-08-03 10:35:00,2191.0,2191.550048828125,2190.89990234375,2190.89990234375,14.0
2020-08-03 10:40:00,2190.60009765625,2190.60009765625,2190.60009765625,2190.60009765625,1.0
2020-08-03 10:45:00,2182.85009765625,2182.89990234375,2182.85009765625,2182.89990234375,8.0
2020-08-03 10:50:00,2188.699951171875,2190.64990234375,2188.699951171875,2190.64990234375,17.0
2020-08-03 10:55:00,2190.64990234375,2190.64990234375,2182.89990234375,2190.550048828125,58.0
2020-08-03 11:00:00,2190.60009765625,2190.64990234375,2190.60009765625,2190.64990234375,0.0
2020-08-03 11:05:00,2190.64990234375,2190.64990234375,2190.64990234375,2190.64990234375,19.0
2020-08-03 11:10:00,2190.64990234375,2190.64990234375,2190.64990234375,2190.64990234375,9.0
2020-08-03 11:15:00,2191.60009765625,2194.449951171875,2191.60009765625,2194.449951171875,5.0
2020-08-03 11:20:00,2199.85009765625,2200.0,2195.050048828125,2199.89990234375,43.0
2020-08-03 11:25:00,2195.050048828125,2200.0,2195.050048828125,2200.0,9.0
2020-08-03 11:30:00,2200.0,2200.0,2200.0,2200.0,8.0
2020-08-03 11:35:00,2199.60009765625,2199.60009765625,2199.60009765625,2199.60009765625,7.0
2020-08-03 11:40:00,2200.0,2200.0,2200.0,2200.0,2.0
2020-08-03 11:50:00,2194.550048828125,2199.89990234375,2194.550048828125,2199.0,21.0
2020-08-03 11:55:00,2199.0,2200.0,2199.0,2200.0,190.0
2020-08-03 12:00:00,2199.89990234375,2199.89990234375,2199.89990234375,2199.89990234375,0.0
2020-08-03 12:05:00,2199.89990234375,2199.89990234375,2194.699951171875,2199.89990234375,15.0
2020-08-03 12:10:00,2194.0,2194.0,2194.0,2194.0,21.0
2020-08-03 12:15:00,2192.0,2194.0,2192.0,2194.0,1.0
2020-08-03 12:20:00,2192.0,2194.0,2191.699951171875,2191.699951171875,22.0
2020-08-03 12:25:00,2180.0,2192.85009765625,2180.0,2192.85009765625,115.0
2020-08-03 12:35:00,2190.0,2191.85009765625,2190.0,2190.0,15.0
2020-08-03 12:40:00,2191.800048828125,2191.800048828125,2191.800048828125,2191.800048828125,3.0
2020-08-03 12:45:00,2190.0,2191.85009765625,2190.0,2191.85009765625,5.0
2020-08-03 12:50:00,2191.85009765625,2191.89990234375,2191.85009765625,2191.89990234375,26.0
2020-08-03 12:55:00,2191.85009765625,2191.85009765625,2191.85009765625,2191.85009765625,10.0
2020-08-03 13:00:00,2191.85009765625,2191.85009765625,2191.85009765625,2191.85009765625,0.0
2020-08-03 13:05:00,2192.949951171875,2193.800048828125,2192.949951171875,2193.800048828125,3.0
2020-08-03 13:10:00,2193.800048828125,2194.39990234375,2185.0,2193.949951171875,33.0
2020-08-03 13:20:00,2185.25,2185.25,2185.25,2185.25,0.0
2020-08-03 13:25:00,2190.050048828125,2190.050048828125,2190.0,2190.0,10.0
2020-08-03 13:30:00,2197.0,2198.0,2190.14990234375,2195.0,15.0
2020-08-03 13:35:00,2190.0,2190.0,2190.0,2190.0,4.0
2020-08-03 13:40:00,2190.0,2194.75,2185.199951171875,2194.75,26.0
2020-08-03 13:45:00,2194.89990234375,2194.89990234375,2194.89990234375,2194.89990234375,0.0
2020-08-03 13:55:00,2194.39990234375,2194.39990234375,2194.39990234375,2194.39990234375,2.0
2020-08-03 14:00:00,2194.39990234375,2194.39990234375,2194.39990234375,2194.39990234375,3.0
2020-08-03 14:15:00,2190.0,2190.0,2189.25,2189.300048828125,11.0
2020-08-03 14:25:00,2190.0,2190.0,2176.0,2176.0,107.0
2020-08-03 14:30:00,2183.050048828125,2185.0,2180.050048828125,2185.0,23.0
2020-08-03 14:35:00,2184.0,2184.0,2179.89990234375,2182.14990234375,38.0
2020-08-03 14:40:00,2182.14990234375,2182.14990234375,2176.10009765625,2176.10009765625,37.0
2020-08-03 14:45:00,2180.0,2180.0,2179.0,2179.0,26.0
2020-08-03 14:50:00,2179.699951171875,2179.699951171875,2179.699951171875,2179.699951171875,8.0
2020-08-03 14:55:00,2179.699951171875,2179.699951171875,2179.699951171875,2179.699951171875,8.0
2020-08-03 15:00:00,2179.699951171875,2179.699951171875,2170.0,2170.0,200.0
2020-08-03 15:05:00,2170.0,2170.0,2169.550048828125,2170.0,73.0
2020-08-03 15:10:00,2170.0,2170.0,2162.10009765625,2163.949951171875,157.0
2020-08-03 15:15:00,2163.050048828125,2170.89990234375,2157.050048828125,2158.050048828125,126.0
2020-08-03 15:20:00,2156.050048828125,2162.199951171875,2150.0,2154.050048828125,567.0
2020-08-03 15:25:00,2154.050048828125,2160.0,2150.0,2159.949951171875,116.0
2020-08-04 09:15:00,2165.0,2170.75,2165.0,2170.75,0.0
2020-08-04 09:20:00,2165.050048828125,2167.050048828125,2162.0,2167.050048828125,22.0
2020-08-04 09:25:00,2167.050048828125,2180.699951171875,2167.050048828125,2178.449951171875,57.0
2020-08-04 09:30:00,2169.85009765625,2180.0,2169.85009765625,2179.949951171875,35.0
2020-08-04 09:35:00,2180.0,2180.0,2176.60009765625,2176.60009765625,22.0
2020-08-04 09:45:00,2178.050048828125,2178.050048828125,2177.0,2177.0,15.0
2020-08-04 09:55:00,2185.199951171875,2189.89990234375,2182.0,2185.199951171875,35.0
2020-08-04 10:00:00,2188.85009765625,2188.85009765625,2188.85009765625,2188.85009765625,2.0
2020-08-04 10:10:00,2190.0,2190.0,2190.0,2190.0,17.0
2020-08-04 10:15:00,2187.14990234375,2187.25,2187.14990234375,2187.25,1.0
2020-08-04 10:20:00,2187.10009765625,2187.10009765625,2187.0,2187.0,58.0
2020-08-04 10:25:00,2189.949951171875,2189.949951171875,2189.949951171875,2189.949951171875,4.0
2020-08-04 10:30:00,2190.0,2190.0,2190.0,2190.0,1.0
2020-08-04 10:35:00,2185.0,2185.0,2181.050048828125,2181.050048828125,15.0
2020-08-04 10:45:00,2183.0,2183.0,2183.0,2183.0,4.0
2020-08-04 10:50:00,2183.0,2183.0,2183.0,2183.0,12.0
2020-08-04 10:55:00,2180.0,2180.0,2180.0,2180.0,9.0
2020-08-04 11:20:00,2184.0,2184.0,2184.0,2184.0,1.0
2020-08-04 11:45:00,2176.199951171875,2176.25,2176.199951171875,2176.25,11.0
2020-08-04 11:50:00,2182.449951171875,2182.60009765625,2176.25,2176.25,12.0
2020-08-04 11:55:00,2183.0,2188.949951171875,2182.89990234375,2188.949951171875,66.0
2020-08-04 12:00:00,2178.199951171875,2184.699951171875,2175.0,2175.0,49.0
2020-08-04 12:05:00,2177.550048828125,2177.550048828125,2177.550048828125,2177.550048828125,29.0
2020-08-04 12:15:00,2179.949951171875,2179.949951171875,2179.949951171875,2179.949951171875,4.0
2020-08-04 12:20:00,2182.75,2191.699951171875,2182.75,2188.10009765625,39.0
2020-08-04 12:25:00,2187.5,2187.5,2183.14990234375,2183.14990234375,24.0
2020-08-04 12:30:00,2167.050048828125,2167.050048828125,2167.050048828125,2167.050048828125,47.0
2020-08-04 12:40:00,2175.949951171875,2176.89990234375,2175.300048828125,2175.300048828125,25.0
2020-08-04 12:45:00,2186.199951171875,2186.199951171875,2172.5,2173.550048828125,72.0
2020-08-04 12:50:00,2173.699951171875,2173.699951171875,2173.699951171875,2173.699951171875,0.0
2020-08-04 12:55:00,2173.699951171875,2174.0,2173.699951171875,2174.0,43.0
2020-08-04 13:00:00,2174.0,2174.0,2174.0,2174.0,11.0
2020-08-04 13:05:00,2174.0,2174.0,2174.0,2174.0,46.0
2020-08-04 13:10:00,2174.0,2174.0,2174.0,2174.0,33.0
2020-08-04 13:15:00,2174.0,2174.0,2174.0,2174.0,21.0
2020-08-04 13:20:00,2174.0,2174.0,2174.0,2174.0,14.0
2020-08-04 13:25:00,2183.449951171875,2183.449951171875,2179.800048828125,2179.800048828125,103.0
2020-08-04 13:30:00,2183.39990234375,2188.89990234375,2183.39990234375,2188.89990234375,0.0
2020-08-04 13:40:00,2188.89990234375,2188.89990234375,2188.89990234375,2188.89990234375,2.0
2020-08-04 13:45:00,2189.0,2189.0,2183.60009765625,2189.0,14.0
2020-08-04 13:50:00,2189.89990234375,2189.89990234375,2165.0,2165.0,107.0
2020-08-04 13:55:00,2181.050048828125,2181.050048828125,2181.050048828125,2181.050048828125,1.0
2020-08-04 14:00:00,2179.949951171875,2180.699951171875,2174.0,2179.89990234375,19.0
2020-08-04 14:05:00,2179.89990234375,2189.89990234375,2179.89990234375,2188.89990234375,54.0
2020-08-04 14:10:00,2188.0,2188.0,2188.0,2188.0,32.0
2020-08-04 14:15:00,2186.0,2189.0,2186.0,2189.0,8.0
2020-08-04 14:20:00,2190.0,2194.449951171875,2190.0,2190.0,24.0
2020-08-04 14:25:00,2194.89990234375,2200.10009765625,2194.89990234375,2200.10009765625,115.0
2020-08-04 14:30:00,2200.0,2214.0,2200.0,2214.0,39.0
2020-08-04 14:35:00,2216.39990234375,2220.0,2203.10009765625,2203.10009765625,67.0
2020-08-04 14:40:00,2194.550048828125,2216.449951171875,2194.550048828125,2212.949951171875,70.0
2020-08-04 14:45:00,2208.35009765625,2210.0,2202.64990234375,2208.949951171875,25.0
2020-08-04 14:50:00,2202.89990234375,2208.0,2201.0,2201.0,19.0
2020-08-04 14:55:00,2191.800048828125,2199.949951171875,2188.85009765625,2199.949951171875,47.0
2020-08-04 15:00:00,2200.0,2200.0,2200.0,2200.0,50.0
2020-08-04 15:05:00,2195.199951171875,2200.0,2195.199951171875,2200.0,43.0
2020-08-04 15:10:00,2200.0,2203.10009765625,2200.0,2203.10009765625,19.0
2020-08-04 15:15:00,2207.949951171875,2225.0,2202.25,2221.0,156.0
2020-08-04 15:20:00,2220.050048828125,2223.25,2212.449951171875,2221.050048828125,74.0
2020-08-04 15:25:00,2210.60009765625,2220.0,2210.60009765625,2214.300048828125,103.0
2020-08-05 09:15:00,2225.39990234375,2234.5,2200.0,2201.0,0.0
2020-08-05 09:20:00,2205.050048828125,2205.050048828125,2205.050048828125,2205.050048828125,6.0
2020-08-05 09:25:00,2220.0,2220.0,2207.64990234375,2207.64990234375,6.0
2020-08-05 09:30:00,2210.0,2273.949951171875,2205.10009765625,2217.89990234375,162.0
2020-08-05 09:35:00,2238.949951171875,2238.949951171875,2198.0,2214.199951171875,106.0
2020-08-05 09:40:00,2214.0,2219.050048828125,2214.0,2219.050048828125,52.0
2020-08-05 09:45:00,2220.0,2220.0,2214.35009765625,2214.35009765625,1.0
2020-08-05 09:50:00,2214.0,2214.0,2214.0,2214.0,55.0
2020-08-05 09:55:00,2214.0,2235.0,2214.0,2235.0,146.0
2020-08-05 10:00:00,2207.050048828125,2237.699951171875,2207.050048828125,2234.75,4.0
2020-08-05 10:05:00,2234.449951171875,2234.449951171875,2234.449951171875,2234.449951171875,0.0
2020-08-05 10:10:00,2234.449951171875,2234.449951171875,2217.699951171875,2220.0,26.0
2020-08-05 10:15:00,2227.949951171875,2227.949951171875,2216.050048828125,2220.0,32.0
2020-08-05 10:25:00,2220.0,2220.0,2220.0,2220.0,2.0
2020-08-05 10:30:00,2220.0,2220.0,2220.0,2220.0,5.0
2020-08-05 10:35:00,2225.0,2226.85009765625,2218.050048828125,2218.050048828125,151.0
2020-08-05 10:40:00,2223.14990234375,2223.14990234375,2202.10009765625,2202.10009765625,65.0
2020-08-05 10:45:00,2203.35009765625,2213.449951171875,2203.35009765625,2213.449951171875,19.0
2020-08-05 10:50:00,2213.89990234375,2213.89990234375,2212.949951171875,2212.949951171875,12.0
2020-08-05 10:55:00,2206.050048828125,2206.050048828125,2206.050048828125,2206.050048828125,18.0
2020-08-05 11:00:00,2206.0,2206.0,2205.949951171875,2206.0,51.0
2020-08-05 11:05:00,2204.0,2204.0,2204.0,2204.0,2.0
2020-08-05 11:10:00,2206.0,2206.0,2202.550048828125,2202.550048828125,20.0
2020-08-05 11:30:00,2209.800048828125,2209.800048828125,2209.800048828125,2209.800048828125,16.0
2020-08-05 11:35:00,2203.14990234375,2203.14990234375,2203.14990234375,2203.14990234375,0.0
2020-08-05 11:40:00,2202.550048828125,2202.550048828125,2202.550048828125,2202.550048828125,4.0
2020-08-05 11:50:00,2203.0,2203.0,2203.0,2203.0,12.0
2020-08-05 11:55:00,2203.0,2210.0,2203.0,2205.050048828125,8.0
2020-08-05 12:00:00,2205.0,2205.0,2205.0,2205.0,33.0
2020-08-05 12:05:00,2203.0,2212.699951171875,2201.35009765625,2212.699951171875,10.0
2020-08-05 12:10:00,2204.199951171875,2204.199951171875,2204.199951171875,2204.199951171875,0.0
2020-08-05 12:15:00,2218.0,2218.0,2218.0,2218.0,29.0
2020-08-05 12:20:00,2207.35009765625,2208.050048828125,2207.35009765625,2208.050048828125,9.0
2020-08-05 12:25:00,2206.0,2206.0,2203.0,2203.0,22.0
2020-08-05 12:35:00,2203.0,2224.64990234375,2185.5,2199.39990234375,373.0
2020-08-05 12:40:00,2185.0,2199.449951171875,2161.050048828125,2175.0,1133.0
2020-08-05 12:45:00,2180.0,2187.699951171875,2174.85009765625,2174.85009765625,228.0
2020-08-05 12:50:00,2178.0,2185.0,2170.0,2170.0,117.0
2020-08-05 12:55:00,2170.0,2173.199951171875,2168.60009765625,2172.300048828125,283.0
2020-08-05 13:00:00,2172.949951171875,2175.0,2169.10009765625,2169.949951171875,278.0
2020-08-05 13:05:00,2169.949951171875,2177.199951171875,2169.949951171875,2177.10009765625,58.0
2020-08-05 13:10:00,2170.0,2170.0,2165.0,2170.0,38.0
2020-08-05 13:15:00,2170.0,2170.0,2169.89990234375,2169.89990234375,7.0
2020-08-05 13:20:00,2169.949951171875,2185.0,2169.85009765625,2169.85009765625,1134.0
2020-08-05 13:25:00,2170.0,2170.0,2166.050048828125,2170.0,84.0
2020-08-05 13:30:00,2169.949951171875,2169.949951171875,2167.0,2167.0,4.0
2020-08-05 13:35:00,2167.0,2168.949951171875,2163.75,2163.75,92.0
2020-08-05 13:40:00,2164.0,2164.0,2151.199951171875,2161.0,315.0
2020-08-05 13:45:00,2160.300048828125,2165.0,2160.0,2163.85009765625,1244.0
2020-08-05 13:50:00,2163.85009765625,2163.85009765625,2160.0,2161.0,94.0
2020-08-05 13:55:00,2161.0,2163.60009765625,2161.0,2161.0,41.0
2020-08-05 14:00:00,2161.0,2161.949951171875,2157.0,2161.949951171875,120.0
2020-08-05 14:05:00,2161.89990234375,2162.449951171875,2160.0,2160.449951171875,31.0
2020-08-05 14:10:00,2160.449951171875,2161.949951171875,2158.0,2158.0,39.0
2020-08-05 14:15:00,2158.0,2160.949951171875,2158.0,2158.0,75.0
2020-08-05 14:20:00,2160.0,2160.0,2160.0,2160.0,20.0
2020-08-05 14:25:00,2151.5,2160.449951171875,2151.5,2160.0,527.0
2020-08-05 14:30:00,2159.949951171875,2160.050048828125,2152.64990234375,2160.050048828125,135.0
2020-08-05 14:35:00,2161.0,2168.39990234375,2161.0,2168.25,163.0
2020-08-05 14:40:00,2169.89990234375,2169.89990234375,2163.449951171875,2169.89990234375,108.0
2020-08-05 14:45:00,2169.800048828125,2169.800048828125,2161.89990234375,2161.89990234375,25.0
2020-08-05 14:50:00,2161.89990234375,2161.89990234375,2161.0,2161.0,23.0
2020-08-05 14:55:00,2163.0,2163.0,2161.0,2161.0,65.0
2020-08-05 15:00:00,2161.0,2161.0,2161.0,2161.0,68.0
2020-08-05 15:05:00,2160.050048828125,2163.0,2160.050048828125,2163.0,97.0
2020-08-05 15:10:00,2163.0,2163.0,2162.0,2162.0,93.0
2020-08-05 15:15:00,2162.0,2162.0,2151.0,2158.10009765625,781.0
2020-08-05 15:20:00,2158.64990234375,2159.39990234375,2152.14990234375,2159.39990234375,78.0
2020-08-05 15:25:00,2159.449951171875,2159.449951171875,2140.0,2140.0,878.0
2020-08-06 09:15:00,2153.0,2153.0,2126.89990234375,2136.0,0.0
2020-08-06 09:20:00,2140.0,2140.0,2123.050048828125,2129.85009765625,152.0
2020-08-06 09:25:00,2129.550048828125,2129.550048828125,2121.0,2121.0,53.0
2020-08-06 09:30:00,2127.60009765625,2130.0,2125.699951171875,2129.800048828125,137.0
2020-08-06 09:35:00,2130.0,2144.949951171875,2128.949951171875,2144.949951171875,172.0
2020-08-06 09:40:00,2137.14990234375,2142.85009765625,2136.0,2136.0,155.0
2020-08-06 09:45:00,2136.0,2140.75,2136.0,2138.949951171875,15.0
2020-08-06 09:50:00,2138.949951171875,2150.0,2138.949951171875,2149.449951171875,126.0
2020-08-06 09:55:00,2143.64990234375,2143.64990234375,2143.64990234375,2143.64990234375,0.0
2020-08-06 10:00:00,2144.050048828125,2149.300048828125,2144.050048828125,2145.14990234375,48.0
2020-08-06 10:05:00,2145.050048828125,2145.050048828125,2145.050048828125,2145.050048828125,1.0
2020-08-06 10:10:00,2148.949951171875,2149.0,2148.0,2149.0,65.0
2020-08-06 10:15:00,2149.0,2149.0,2146.10009765625,2146.10009765625,9.0
2020-08-06 10:20:00,2146.0,2146.0,2144.0,2144.0,128.0
2020-08-06 10:25:00,2144.0,2144.0,2142.0,2142.0,161.0
2020-08-06 10:30:00,2142.0,2144.050048828125,2136.0,2138.699951171875,148.0
2020-08-06 10:40:00,2149.5,2149.5,2149.5,2149.5,52.0
2020-08-06 10:50:00,2146.0,2146.0,2145.89990234375,2145.89990234375,11.0
2020-08-06 10:55:00,2143.050048828125,2149.0,2140.0,2140.0,85.0
2020-08-06 11:00:00,2150.0,2150.0,2150.0,2150.0,494.0
2020-08-06 11:05:00,2150.0,2150.0,2145.0,2145.0,155.0
2020-08-06 11:10:00,2147.64990234375,2150.0,2147.64990234375,2150.0,152.0
2020-08-06 11:15:00,2150.0,2168.0,2150.0,2167.0,3047.0
2020-08-06 11:20:00,2166.800048828125,2201.050048828125,2164.39990234375,2199.64990234375,456.0
2020-08-06 11:25:00,2163.75,2190.0,2163.75,2172.60009765625,103.0
2020-08-06 11:30:00,2186.0,2186.199951171875,2184.89990234375,2185.0,138.0
2020-08-06 11:35:00,2190.0,2190.0,2170.0,2173.5,222.0
2020-08-06 11:40:00,2173.39990234375,2188.949951171875,2170.0,2176.64990234375,278.0
2020-08-06 11:45:00,2179.0,2185.0,2179.0,2180.050048828125,84.0
2020-08-06 11:50:00,2180.050048828125,2187.949951171875,2180.050048828125,2186.949951171875,23.0
2020-08-06 11:55:00,2178.25,2185.0,2173.0,2173.0,13.0
2020-08-06 12:00:00,2180.0,2180.0,2180.0,2180.0,0.0
2020-08-06 12:05:00,2180.050048828125,2190.0,2180.050048828125,2190.0,56.0
2020-08-06 12:10:00,2190.0,2195.0,2190.0,2190.050048828125,123.0
2020-08-06 12:15:00,2190.0,2195.0,2183.550048828125,2194.85009765625,91.0
2020-08-06 12:20:00,2190.050048828125,2190.050048828125,2180.0,2190.0,66.0
2020-08-06 12:25:00,2181.550048828125,2189.89990234375,2181.550048828125,2186.300048828125,14.0
2020-08-06 12:35:00,2189.85009765625,2189.85009765625,2186.300048828125,2186.300048828125,12.0
2020-08-06 12:40:00,2186.300048828125,2189.89990234375,2186.300048828125,2189.89990234375,94.0
2020-08-06 12:45:00,2189.89990234375,2190.0,2185.050048828125,2185.050048828125,0.0
2020-08-06 12:50:00,2190.0,2190.0,2190.0,2190.0,6.0
2020-08-06 12:55:00,2200.050048828125,2200.050048828125,2190.60009765625,2200.0,1461.0
2020-08-06 13:00:00,2197.0,2201.0,2193.35009765625,2200.89990234375,0.0
2020-08-06 13:05:00,2193.39990234375,2219.199951171875,2185.0,2185.0,809.0
2020-08-06 13:10:00,2238.0,2238.0,2185.10009765625,2210.0,519.0
2020-08-06 13:15:00,2200.0,2207.89990234375,2198.050048828125,2207.89990234375,59.0
2020-08-06 13:20:00,2200.0,2282.75,2200.0,2215.0,833.0
2020-08-06 13:25:00,2215.199951171875,2222.0,2211.10009765625,2220.0,310.0
2020-08-06 13:30:00,2219.0,2221.0,2214.0,2220.0,147.0
2020-08-06 13:35:00,2216.10009765625,2219.75,2213.0,2213.0,39.0
2020-08-06 13:40:00,2212.5,2224.0,2210.0,2224.0,374.0
2020-08-06 13:45:00,2211.550048828125,2219.89990234375,2211.550048828125,2213.050048828125,131.0
2020-08-06 13:50:00,2220.0,2220.0,2199.10009765625,2202.800048828125,817.0
2020-08-06 13:55:00,2205.0,2205.0,2200.0,2202.0,142.0
2020-08-06 14:00:00,2203.0,2223.0,2201.050048828125,2223.0,298.0
2020-08-06 14:05:00,2201.0,2219.0,2201.0,2219.0,64.0
2020-08-06 14:10:00,2206.0,2218.0,2206.0,2218.0,22.0
2020-08-06 14:15:00,2216.800048828125,2216.800048828125,2208.35009765625,2208.35009765625,15.0
2020-08-06 14:20:00,2206.5,2208.35009765625,2206.5,2208.35009765625,5.0
2020-08-06 14:25:00,2206.5,2235.949951171875,2206.5,2225.050048828125,510.0
2020-08-06 14:30:00,2225.0,2225.14990234375,2225.0,2225.14990234375,91.0
2020-08-06 14:35:00,2226.60009765625,2258.949951171875,2226.0,2251.949951171875,665.0
2020-08-06 14:40:00,2261.85009765625,2265.0,2241.25,2250.0,809.0
2020-08-06 14:45:00,2250.0,2262.949951171875,2244.449951171875,2250.0,300.0
2020-08-06 14:50:00,2250.0,2265.10009765625,2250.0,2262.199951171875,540.0
2020-08-06 14:55:00,2268.89990234375,2269.0,2261.0,2265.0,488.0
2020-08-06 15:00:00,2266.300048828125,2266.300048828125,2241.050048828125,2244.300048828125,521.0
2020-08-06 15:05:00,2246.449951171875,2250.0,2244.0,2250.0,184.0
2020-08-06 15:10:00,2245.050048828125,2250.0,2245.050048828125,2248.5,214.0
2020-08-06 15:15:00,2248.5,2250.14990234375,2244.0,2248.449951171875,516.0
2020-08-06 15:20:00,2249.0,2253.949951171875,2240.0,2251.0,626.0
2020-08-06 15:25:00,2251.0,2253.949951171875,2222.0,2245.949951171875,843.0
2020-08-07 09:15:00,2245.0,2288.0,2245.0,2275.0,0.0
2020-08-07 09:20:00,2274.85009765625,2274.85009765625,2255.0,2257.300048828125,46.0
2020-08-07 09:25:00,2260.050048828125,2280.0,2260.050048828125,2273.550048828125,231.0
2020-08-07 09:30:00,2270.050048828125,2273.25,2261.10009765625,2268.050048828125,23.0
2020-08-07 09:35:00,2271.0,2280.0,2270.0,2270.050048828125,131.0
2020-08-07 09:45:00,2285.0,2288.0,2270.35009765625,2273.5,200.0
2020-08-07 09:50:00,2274.949951171875,2278.949951171875,2274.449951171875,2274.449951171875,3.0
2020-08-07 09:55:00,2277.550048828125,2277.550048828125,2274.449951171875,2274.60009765625,118.0
2020-08-07 10:05:00,2274.60009765625,2274.60009765625,2270.050048828125,2270.10009765625,54.0
2020-08-07 10:10:00,2274.0,2274.0,2270.050048828125,2270.050048828125,32.0
2020-08-07 10:15:00,2273.550048828125,2274.25,2265.0,2265.800048828125,122.0
2020-08-07 10:20:00,2274.35009765625,2284.0,2265.64990234375,2266.14990234375,70.0
2020-08-07 10:25:00,2266.14990234375,2268.949951171875,2266.14990234375,2268.949951171875,11.0
2020-08-07 10:30:00,2266.14990234375,2268.0,2265.0,2265.0,26.0
2020-08-07 10:35:00,2267.0,2267.0,2265.60009765625,2265.60009765625,3.0
2020-08-07 10:40:00,2265.14990234375,2266.0,2263.0,2266.0,206.0
2020-08-07 10:45:00,2265.050048828125,2266.550048828125,2265.0,2265.0,46.0
2020-08-07 10:55:00,2265.0,2265.0,2260.10009765625,2262.199951171875,40.0
2020-08-07 11:00:00,2263.25,2270.0,2260.0,2270.0,104.0
2020-08-07 11:05:00,2270.0,2276.0,2270.0,2276.0,174.0
2020-08-07 11:10:00,2275.0,2275.0,2272.0,2272.0,13.0
2020-08-07 11:15:00,2272.0,2275.0,2270.0,2274.800048828125,72.0
2020-08-07 11:20:00,2274.0,2274.0,2270.0,2270.050048828125,12.0
2020-08-07 11:25:00,2270.050048828125,2273.550048828125,2267.050048828125,2267.050048828125,138.0
2020-08-07 11:30:00,2267.0,2275.75,2267.0,2271.550048828125,17.0
2020-08-07 11:35:00,2270.0,2275.39990234375,2270.0,2270.050048828125,104.0
2020-08-07 11:40:00,2270.050048828125,2270.050048828125,2270.0,2270.0,64.0
2020-08-07 11:45:00,2275.0,2275.0,2270.050048828125,2270.050048828125,192.0
2020-08-07 11:50:00,2270.0,2274.949951171875,2270.0,2271.5,83.0
2020-08-07 11:55:00,2270.199951171875,2274.949951171875,2270.0,2270.0,31.0
2020-08-07 12:00:00,2270.050048828125,2270.050048828125,2270.050048828125,2270.050048828125,6.0
2020-08-07 12:05:00,2270.050048828125,2275.0,2270.050048828125,2271.550048828125,17.0
2020-08-07 12:10:00,2271.5,2271.5,2271.5,2271.5,2.0
2020-08-07 12:15:00,2270.14990234375,2270.14990234375,2270.0,2270.050048828125,30.0
2020-08-07 12:20:00,2270.0,2285.0,2270.0,2271.60009765625,219.0
2020-08-07 12:25:00,2271.0,2275.0,2270.0,2270.0,33.0
2020-08-07 12:30:00,2275.0,2275.0,2270.14990234375,2270.64990234375,33.0
2020-08-07 12:35:00,2271.14990234375,2279.699951171875,2271.10009765625,2275.050048828125,72.0
2020-08-07 12:40:00,2285.0,2287.75,2275.199951171875,2280.5,335.0
2020-08-07 12:45:00,2281.550048828125,2288.050048828125,2281.550048828125,2282.949951171875,119.0
2020-08-07 12:50:00,2285.0,2299.64990234375,2281.10009765625,2287.050048828125,561.0
2020-08-07 12:55:00,2292.0,2294.949951171875,2287.050048828125,2294.949951171875,165.0
2020-08-07 13:00:00,2290.14990234375,2292.35009765625,2287.14990234375,2287.14990234375,114.0
2020-08-07 13:05:00,2290.0,2292.0,2282.949951171875,2283.35009765625,68.0
2020-08-07 13:10:00,2282.0,2282.0,2275.0,2282.0,34.0
2020-08-07 13:15:00,2282.0,2282.0,2275.0,2280.10009765625,107.0
2020-08-07 13:20:00,2281.0,2281.050048828125,2281.0,2281.0,16.0
2020-08-07 13:25:00,2281.0,2286.0,2278.0,2278.0,105.0
2020-08-07 13:30:00,2278.0,2278.0,2278.0,2278.0,34.0
2020-08-07 13:35:00,2278.0,2283.050048828125,2278.0,2283.050048828125,17.0
2020-08-07 13:40:00,2283.0,2295.0,2280.25,2280.25,116.0
2020-08-07 13:45:00,2280.0,2291.949951171875,2280.0,2280.050048828125,47.0
2020-08-07 13:50:00,2287.699951171875,2287.699951171875,2280.0,2280.0,22.0
2020-08-07 13:55:00,2278.0,2278.0,2275.0,2275.0,71.0
2020-08-07 14:00:00,2275.0,2285.64990234375,2275.0,2275.0,89.0
2020-08-07 14:05:00,2275.0,2275.050048828125,2275.0,2275.050048828125,6.0
2020-08-07 14:10:00,2281.949951171875,2284.75,2275.050048828125,2275.050048828125,48.0
2020-08-07 14:15:00,2280.0,2280.0,2275.0,2275.0,109.0
2020-08-07 14:20:00,2275.0,2280.0,2275.0,2275.0,131.0
2020-08-07 14:25:00,2275.0,2275.0,2275.0,2275.0,11.0
2020-08-07 14:30:00,2280.0,2280.0,2275.050048828125,2275.050048828125,32.0
2020-08-07 14:35:00,2275.0,2275.050048828125,2275.0,2275.0,71.0
2020-08-07 14:40:00,2275.0,2280.0,2275.0,2275.35009765625,83.0
2020-08-07 14:45:00,2275.050048828125,2275.050048828125,2275.050048828125,2275.050048828125,0.0
2020-08-07 14:50:00,2275.050048828125,2281.5,2275.0,2281.5,191.0
2020-08-07 14:55:00,2281.550048828125,2281.699951171875,2275.0,2277.199951171875,101.0
2020-08-07 15:00:00,2275.050048828125,2278.949951171875,2275.0,2278.949951171875,24.0
2020-08-07 15:05:00,2275.0,2275.0,2275.0,2275.0,12.0
2020-08-07 15:10:00,2275.300048828125,2275.300048828125,2275.300048828125,2275.300048828125,12.0
2020-08-07 15:15:00,2275.300048828125,2278.699951171875,2275.10009765625,2275.10009765625,147.0
2020-08-07 15:20:00,2275.10009765625,2284.0,2275.10009765625,2277.5,85.0
2020-08-07 15:25:00,2277.0,2277.75,2258.0,2274.300048828125,200.0
2020-08-10 09:15:00,2282.89990234375,2283.0,2275.300048828125,2275.64990234375,0.0
2020-08-10 09:20:00,2275.0,2281.85009765625,2275.0,2281.85009765625,11.0
2020-08-10 09:25:00,2282.949951171875,2285.699951171875,2282.949951171875,2285.64990234375,21.0
2020-08-10 09:30:00,2285.64990234375,2285.64990234375,2284.0,2284.0,5.0
2020-08-10 09:35:00,2285.550048828125,2291.0,2283.5,2286.699951171875,71.0
2020-08-10 09:40:00,2287.199951171875,2287.199951171875,2286.35009765625,2286.35009765625,13.0
2020-08-10 09:45:00,2292.949951171875,2292.949951171875,2290.0,2290.0,12.0
2020-08-10 09:50:00,2293.949951171875,2293.949951171875,2293.949951171875,2293.949951171875,2.0
2020-08-10 09:55:00,2293.39990234375,2293.449951171875,2287.60009765625,2290.0,217.0
2020-08-10 10:00:00,2299.0,2299.800048828125,2286.449951171875,2290.050048828125,0.0
2020-08-10 10:05:00,2290.0,2294.89990234375,2289.050048828125,2289.050048828125,46.0
2020-08-10 10:10:00,2292.10009765625,2295.0,2290.0,2295.0,153.0
2020-08-10 10:20:00,2290.050048828125,2295.0,2290.0,2295.0,72.0
2020-08-10 10:25:00,2299.89990234375,2299.89990234375,2297.10009765625,2298.14990234375,256.0
2020-08-10 10:30:00,2299.300048828125,2300.5,2298.60009765625,2299.0,155.0
2020-08-10 10:35:00,2300.0,2300.0,2300.0,2300.0,0.0
2020-08-10 10:40:00,2297.10009765625,2305.0,2297.10009765625,2305.0,106.0
2020-08-10 10:45:00,2307.949951171875,2310.0,2300.0,2300.10009765625,51.0
2020-08-10 10:50:00,2300.0,2307.0,2296.800048828125,2307.0,512.0
2020-08-10 10:55:00,2303.0,2307.0,2303.0,2307.0,21.0
2020-08-10 11:00:00,2300.0,2300.0,2300.0,2300.0,75.0
2020-08-10 11:05:00,2300.0,2303.89990234375,2300.0,2300.050048828125,8.0
2020-08-10 11:10:00,2304.949951171875,2304.949951171875,2300.0,2300.0,42.0
2020-08-10 11:20:00,2300.0,2300.0,2300.0,2300.0,149.0
2020-08-10 11:25:00,2300.050048828125,2300.050048828125,2300.050048828125,2300.050048828125,5.0
2020-08-10 11:35:00,2304.85009765625,2304.85009765625,2300.0,2300.0,96.0
2020-08-10 11:40:00,2304.89990234375,2304.89990234375,2300.0,2300.050048828125,36.0
2020-08-10 11:45:00,2304.85009765625,2304.89990234375,2300.050048828125,2300.050048828125,23.0
2020-08-10 11:50:00,2300.0,2304.89990234375,2300.0,2300.0,86.0
2020-08-10 11:55:00,2300.0,2305.0,2300.0,2305.0,31.0
2020-08-10 12:00:00,2305.0,2307.0,2305.0,2305.050048828125,44.0
2020-08-10 12:05:00,2305.0,2305.0,2305.0,2305.0,122.0
2020-08-10 12:10:00,2305.0,2305.0,2305.0,2305.0,14.0
2020-08-10 12:15:00,2305.0,2307.0,2305.0,2305.0,64.0
2020-08-10 12:20:00,2305.0,2305.0,2305.0,2305.0,6.0
2020-08-10 12:25:00,2306.14990234375,2307.0,2305.0,2307.0,82.0
2020-08-10 12:30:00,2305.0,2305.0,2305.0,2305.0,74.0
2020-08-10 12:35:00,2307.0,2307.0,2305.0,2305.0,14.0
2020-08-10 12:40:00,2305.050048828125,2305.050048828125,2305.050048828125,2305.050048828125,77.0
2020-08-10 12:45:00,2307.0,2307.0,2307.0,2307.0,8.0
2020-08-10 12:50:00,2308.0,2308.0,2305.050048828125,2305.050048828125,25.0
2020-08-10 12:55:00,2308.0,2308.0,2308.0,2308.0,2.0
2020-08-10 13:00:00,2305.050048828125,2308.0,2305.0,2305.0,48.0
2020-08-10 13:05:00,2305.0,2305.0,2305.0,2305.0,0.0
2020-08-10 13:15:00,2305.0,2308.0,2300.0,2300.0,52.0
2020-08-10 13:20:00,2299.10009765625,2299.10009765625,2299.10009765625,2299.10009765625,8.0
2020-08-10 13:25:00,2299.550048828125,2304.64990234375,2299.550048828125,2304.64990234375,19.0
2020-08-10 13:35:00,2304.949951171875,2304.949951171875,2301.10009765625,2301.10009765625,22.0
2020-08-10 13:40:00,2301.050048828125,2301.050048828125,2300.0,2300.0,7.0
2020-08-10 13:45:00,2300.0,2307.949951171875,2300.0,2305.050048828125,23.0
2020-08-10 13:50:00,2305.050048828125,2305.050048828125,2305.050048828125,2305.050048828125,8.0
2020-08-10 13:55:00,2305.050048828125,2305.050048828125,2305.050048828125,2305.050048828125,34.0
2020-08-10 14:00:00,2305.050048828125,2305.050048828125,2300.0,2300.0,125.0
2020-08-10 14:10:00,2300.0,2302.800048828125,2300.0,2300.0,22.0
2020-08-10 14:20:00,2303.949951171875,2306.0,2301.050048828125,2306.0,125.0
2020-08-10 14:25:00,2310.0,2310.0,2300.050048828125,2304.550048828125,156.0
2020-08-10 14:30:00,2305.0,2310.0,2305.0,2305.10009765625,146.0
2020-08-10 14:40:00,2305.050048828125,2305.050048828125,2302.0,2302.800048828125,15.0
2020-08-10 14:45:00,2308.0,2308.0,2305.10009765625,2305.10009765625,7.0
2020-08-10 14:50:00,2305.10009765625,2307.75,2305.10009765625,2305.10009765625,25.0
2020-08-10 14:55:00,2307.75,2309.0,2304.10009765625,2307.949951171875,94.0
2020-08-10 15:00:00,2307.949951171875,2308.0,2304.14990234375,2305.0,57.0
2020-08-10 15:05:00,2305.050048828125,2305.050048828125,2305.050048828125,2305.050048828125,0.0
2020-08-10 15:10:00,2305.0,2305.0,2300.0,2302.0,157.0
2020-08-10 15:15:00,2300.0,2306.10009765625,2300.0,2300.0,618.0
2020-08-10 15:20:00,2300.0,2309.89990234375,2299.949951171875,2303.300048828125,66.0
2020-08-10 15:25:00,2303.300048828125,2307.60009765625,2299.89990234375,2301.550048828125,167.0
2020-08-11 09:15:00,2305.64990234375,2325.0,2305.64990234375,2325.0,0.0
2020-08-11 09:20:00,2325.10009765625,2327.949951171875,2325.0,2327.699951171875,61.0
2020-08-11 09:25:00,2327.699951171875,2327.699951171875,2327.699951171875,2327.699951171875,29.0
2020-08-11 09:30:00,2327.699951171875,2330.10009765625,2325.050048828125,2330.10009765625,32.0
2020-08-11 09:35:00,2334.89990234375,2334.89990234375,2330.0,2330.0,14.0
2020-08-11 09:40:00,2328.0,2328.0,2328.0,2328.0,3.0
2020-08-11 09:45:00,2327.0,2329.949951171875,2325.300048828125,2325.300048828125,2.0
2020-08-11 09:50:00,2330.0,2340.0,2330.0,2336.0,392.0
2020-08-11 09:55:00,2336.0,2357.800048828125,2336.0,2353.0,473.0
2020-08-11 10:00:00,2353.0,2356.0,2353.0,2353.0,20.0
2020-08-11 10:05:00,2353.0,2377.75,2349.050048828125,2349.050048828125,724.0
2020-08-11 10:10:00,2343.10009765625,2378.0,2334.199951171875,2373.550048828125,692.0
2020-08-11 10:15:00,2375.0,2376.0,2359.35009765625,2360.0,205.0
2020-08-11 10:20:00,2355.10009765625,2362.25,2348.050048828125,2348.39990234375,307.0
2020-08-11 10:25:00,2350.25,2365.0,2350.25,2352.10009765625,8.0
2020-08-11 10:30:00,2355.0,2369.800048828125,2350.14990234375,2350.14990234375,256.0
2020-08-11 10:35:00,2351.0,2375.0,2351.0,2355.25,225.0
2020-08-11 10:40:00,2355.300048828125,2355.300048828125,2355.25,2355.25,2.0
2020-08-11 10:45:00,2355.10009765625,2355.10009765625,2352.0,2352.10009765625,32.0
2020-08-11 10:50:00,2355.050048828125,2355.050048828125,2353.0,2353.0,14.0
2020-08-11 10:55:00,2355.0,2358.0,2352.14990234375,2352.14990234375,21.0
2020-08-11 11:00:00,2357.949951171875,2357.949951171875,2350.050048828125,2350.050048828125,29.0
2020-08-11 11:05:00,2350.10009765625,2350.10009765625,2350.10009765625,2350.10009765625,2.0
2020-08-11 11:10:00,2350.10009765625,2358.0,2350.10009765625,2350.14990234375,110.0
2020-08-11 11:15:00,2350.199951171875,2350.199951171875,2350.14990234375,2350.14990234375,15.0
2020-08-11 11:20:00,2353.0,2353.0,2334.550048828125,2342.10009765625,344.0
2020-08-11 11:25:00,2346.89990234375,2350.0,2346.89990234375,2347.050048828125,43.0
2020-08-11 11:30:00,2346.949951171875,2351.699951171875,2346.949951171875,2347.89990234375,45.0
2020-08-11 11:35:00,2348.199951171875,2351.75,2348.199951171875,2348.39990234375,25.0
2020-08-11 11:40:00,2351.89990234375,2351.949951171875,2348.14990234375,2351.949951171875,14.0
2020-08-11 11:45:00,2350.050048828125,2352.0,2349.050048828125,2349.050048828125,13.0
2020-08-11 11:50:00,2349.14990234375,2349.199951171875,2349.14990234375,2349.199951171875,2.0
2020-08-11 11:55:00,2349.199951171875,2350.0,2349.199951171875,2350.0,5.0
2020-08-11 12:00:00,2353.0,2353.0,2350.0,2350.0,25.0
2020-08-11 12:05:00,2350.0,2350.0,2349.199951171875,2349.199951171875,2.0
2020-08-11 12:10:00,2352.949951171875,2352.949951171875,2349.25,2349.25,6.0
2020-08-11 12:15:00,2349.25,2353.0,2347.25,2348.64990234375,341.0
2020-08-11 12:20:00,2348.64990234375,2350.0,2348.050048828125,2348.449951171875,40.0
2020-08-11 12:25:00,2350.0,2350.0,2348.14990234375,2348.25,33.0
2020-08-11 12:30:00,2348.5,2348.550048828125,2348.10009765625,2348.10009765625,19.0
2020-08-11 12:35:00,2348.10009765625,2348.10009765625,2348.10009765625,2348.10009765625,6.0
2020-08-11 12:40:00,2348.10009765625,2351.89990234375,2348.10009765625,2348.300048828125,39.0
2020-08-11 12:45:00,2348.199951171875,2350.0,2347.64990234375,2348.300048828125,33.0
2020-08-11 12:50:00,2348.14990234375,2348.14990234375,2348.14990234375,2348.14990234375,2.0
2020-08-11 12:55:00,2348.050048828125,2348.050048828125,2348.050048828125,2348.050048828125,6.0
2020-08-11 13:00:00,2348.050048828125,2350.0,2348.050048828125,2350.0,10.0
2020-08-11 13:05:00,2348.199951171875,2350.0,2348.199951171875,2350.0,3.0
2020-08-11 13:10:00,2348.199951171875,2348.199951171875,2348.199951171875,2348.199951171875,2.0
2020-08-11 13:15:00,2350.0,2351.89990234375,2349.85009765625,2349.89990234375,46.0
2020-08-11 13:20:00,2349.85009765625,2349.85009765625,2349.85009765625,2349.85009765625,2.0
2020-08-11 13:25:00,2349.85009765625,2350.0,2349.85009765625,2350.0,74.0
2020-08-11 13:30:00,2348.449951171875,2351.949951171875,2348.35009765625,2348.35009765625,38.0
2020-08-11 13:35:00,2351.949951171875,2351.949951171875,2349.10009765625,2349.199951171875,24.0
2020-08-11 13:40:00,2351.949951171875,2351.949951171875,2349.10009765625,2349.10009765625,5.0
2020-08-11 13:45:00,2349.050048828125,2349.050048828125,2349.050048828125,2349.050048828125,2.0
2020-08-11 13:50:00,2351.949951171875,2351.949951171875,2349.050048828125,2351.949951171875,7.0
2020-08-11 13:55:00,2349.050048828125,2351.5,2349.0,2349.050048828125,182.0
2020-08-11 14:00:00,2349.050048828125,2349.10009765625,2349.050048828125,2349.050048828125,12.0
2020-08-11 14:05:00,2349.050048828125,2349.050048828125,2349.050048828125,2349.050048828125,4.0
2020-08-11 14:10:00,2349.050048828125,2350.0,2348.949951171875,2350.0,499.0
2020-08-11 14:15:00,2344.89990234375,2350.0,2341.85009765625,2350.0,22.0
2020-08-11 14:20:00,2344.25,2349.0,2342.0,2342.300048828125,50.0
2020-08-11 14:25:00,2342.699951171875,2352.0,2342.699951171875,2345.949951171875,54.0
2020-08-11 14:30:00,2346.0,2350.0,2342.85009765625,2344.64990234375,150.0
2020-08-11 14:35:00,2346.300048828125,2351.949951171875,2346.300048828125,2347.35009765625,18.0
2020-08-11 14:40:00,2345.449951171875,2346.25,2345.449951171875,2346.25,3.0
2020-08-11 14:45:00,2346.300048828125,2347.550048828125,2346.300048828125,2347.050048828125,5.0
2020-08-11 14:50:00,2347.050048828125,2347.050048828125,2347.050048828125,2347.050048828125,3.0
2020-08-11 14:55:00,2347.050048828125,2357.949951171875,2347.050048828125,2357.949951171875,151.0
2020-08-11 15:00:00,2352.14990234375,2365.0,2352.14990234375,2363.60009765625,187.0
2020-08-11 15:05:00,2358.0,2375.0,2358.0,2370.35009765625,284.0
2020-08-11 15:10:00,2370.050048828125,2370.050048828125,2360.0,2360.0,179.0
2020-08-11 15:15:00,2363.0,2378.0,2354.300048828125,2355.14990234375,520.0
2020-08-11 15:20:00,2355.0,2355.050048828125,2355.0,2355.0,287.0
2020-08-11 15:25:00,2367.75,2367.75,2355.0,2361.699951171875,130.0
2020-08-12 09:15:00,2319.0,2349.949951171875,2319.0,2326.699951171875,0.0
2020-08-12 09:20:00,2325.050048828125,2342.35009765625,2325.050048828125,2333.300048828125,57.0
2020-08-12 09:25:00,2333.35009765625,2333.35009765625,2330.0,2330.0,83.0
2020-08-12 09:30:00,2330.050048828125,2330.050048828125,2330.0,2330.0,71.0
2020-08-12 09:35:00,2330.0,2330.0,2330.0,2330.0,0.0
2020-08-12 09:45:00,2329.75,2330.14990234375,2325.25,2330.14990234375,14.0
2020-08-12 09:55:00,2330.949951171875,2330.949951171875,2330.949951171875,2330.949951171875,6.0
2020-08-12 10:00:00,2330.0,2338.14990234375,2330.0,2338.14990234375,42.0
2020-08-12 10:05:00,2334.050048828125,2334.050048828125,2331.14990234375,2331.14990234375,7.0
2020-08-12 10:10:00,2338.199951171875,2338.199951171875,2338.14990234375,2338.14990234375,7.0
2020-08-12 10:15:00,2335.0,2335.0,2330.050048828125,2330.050048828125,14.0
2020-08-12 10:20:00,2333.199951171875,2333.199951171875,2333.199951171875,2333.199951171875,8.0
2020-08-12 10:25:00,2333.0,2333.0,2333.0,2333.0,6.0
2020-08-12 10:35:00,2332.0,2332.0,2330.050048828125,2330.050048828125,13.0
2020-08-12 10:40:00,2330.0,2330.0,2330.0,2330.0,50.0
2020-08-12 10:45:00,2330.10009765625,2335.35009765625,2330.10009765625,2335.35009765625,0.0
2020-08-12 10:55:00,2335.35009765625,2335.39990234375,2335.35009765625,2335.39990234375,5.0
2020-08-12 11:00:00,2335.39990234375,2336.0,2335.39990234375,2336.0,5.0
2020-08-12 11:05:00,2337.75,2337.75,2337.75,2337.75,0.0
2020-08-12 11:20:00,2336.35009765625,2336.35009765625,2335.0,2335.0,48.0
2020-08-12 11:25:00,2335.0,2335.0,2335.0,2335.0,2.0
2020-08-12 11:30:00,2335.0,2342.0,2335.0,2342.0,4.0
2020-08-12 11:45:00,2336.35009765625,2340.0,2336.35009765625,2340.0,7.0
2020-08-12 11:50:00,2343.5,2343.5,2336.35009765625,2343.449951171875,16.0
2020-08-12 12:05:00,2343.449951171875,2343.449951171875,2343.449951171875,2343.449951171875,2.0
2020-08-12 12:20:00,2343.5,2343.5,2343.5,2343.5,9.0
2020-08-12 12:25:00,2343.5,2343.5,2336.60009765625,2336.60009765625,5.0
2020-08-12 12:30:00,2336.39990234375,2336.39990234375,2336.39990234375,2336.39990234375,4.0
2020-08-12 12:35:00,2337.199951171875,2352.0,2337.199951171875,2350.0,244.0
2020-08-12 12:40:00,2355.0,2355.0,2350.0,2350.0,14.0
2020-08-12 12:45:00,2355.0,2355.0,2350.0,2350.0,28.0
2020-08-12 12:50:00,2350.0,2354.949951171875,2350.0,2350.0,25.0
2020-08-12 12:55:00,2350.050048828125,2350.050048828125,2350.050048828125,2350.050048828125,0.0
2020-08-12 13:00:00,2355.0,2359.949951171875,2351.199951171875,2355.25,125.0
2020-08-12 13:05:00,2361.0,2361.0,2355.35009765625,2360.949951171875,29.0
2020-08-12 13:10:00,2360.949951171875,2360.949951171875,2358.0,2358.0,3.0
2020-08-12 13:15:00,2360.0,2360.0,2358.0,2358.0,7.0
2020-08-12 13:20:00,2357.050048828125,2357.050048828125,2350.0,2351.0,76.0
2020-08-12 13:25:00,2351.050048828125,2351.050048828125,2351.050048828125,2351.050048828125,8.0
2020-08-12 13:30:00,2351.050048828125,2354.0,2351.050048828125,2354.0,3.0
2020-08-12 13:35:00,2351.0,2353.949951171875,2350.300048828125,2350.300048828125,21.0
2020-08-12 13:40:00,2350.25,2350.25,2350.25,2350.25,1.0
2020-08-12 13:45:00,2350.25,2353.949951171875,2350.25,2350.25,12.0
2020-08-12 13:50:00,2350.25,2350.25,2350.0,2350.0,13.0
2020-08-12 13:55:00,2350.0,2350.0,2350.0,2350.0,34.0
2020-08-12 14:00:00,2349.300048828125,2349.300048828125,2349.050048828125,2349.050048828125,8.0
2020-08-12 14:05:00,2349.050048828125,2349.050048828125,2349.050048828125,2349.050048828125,2.0
2020-08-12 14:10:00,2349.050048828125,2349.050048828125,2349.050048828125,2349.050048828125,1.0
2020-08-12 14:15:00,2349.050048828125,2349.050048828125,2349.050048828125,2349.050048828125,2.0
2020-08-12 14:20:00,2350.0,2354.0,2349.25,2351.050048828125,17.0
2020-08-12 14:25:00,2351.050048828125,2353.949951171875,2348.050048828125,2350.0,24.0
2020-08-12 14:30:00,2349.14990234375,2354.0,2348.85009765625,2350.0,27.0
2020-08-12 14:35:00,2350.0,2353.949951171875,2349.800048828125,2349.800048828125,17.0
2020-08-12 14:40:00,2350.0,2350.050048828125,2350.0,2350.050048828125,4.0
2020-08-12 14:45:00,2350.050048828125,2350.050048828125,2350.050048828125,2350.050048828125,6.0
2020-08-12 14:50:00,2350.050048828125,2350.14990234375,2349.75,2350.10009765625,65.0
2020-08-12 14:55:00,2350.10009765625,2353.550048828125,2350.10009765625,2350.25,22.0
2020-08-12 15:00:00,2350.199951171875,2350.199951171875,2350.0,2350.050048828125,49.0
2020-08-12 15:05:00,2350.050048828125,2350.050048828125,2350.050048828125,2350.050048828125,2.0
2020-08-12 15:10:00,2350.050048828125,2359.300048828125,2350.050048828125,2359.300048828125,113.0
2020-08-12 15:15:00,2353.300048828125,2362.0,2353.300048828125,2355.050048828125,336.0
2020-08-12 15:20:00,2355.0,2355.449951171875,2355.0,2355.449951171875,126.0
2020-08-12 15:25:00,2355.449951171875,2362.0,2355.10009765625,2355.10009765625,56.0
2020-08-13 09:15:00,2366.89990234375,2382.0,2366.89990234375,2382.0,0.0
2020-08-13 09:20:00,2358.050048828125,2383.75,2358.050048828125,2383.75,231.0
2020-08-13 09:25:00,2380.64990234375,2385.0,2366.89990234375,2385.0,41.0
2020-08-13 09:35:00,2372.949951171875,2379.050048828125,2367.300048828125,2367.300048828125,40.0
2020-08-13 09:45:00,2368.050048828125,2368.14990234375,2365.0,2365.0,19.0
2020-08-13 09:50:00,2365.0,2376.050048828125,2360.0,2375.050048828125,111.0
2020-08-13 09:55:00,2375.199951171875,2375.199951171875,2362.050048828125,2362.050048828125,32.0
2020-08-13 10:00:00,2374.89990234375,2379.89990234375,2374.89990234375,2379.699951171875,21.0
2020-08-13 10:05:00,2373.0,2373.0,2373.0,2373.0,4.0
2020-08-13 10:10:00,2378.0,2378.0,2371.60009765625,2371.60009765625,21.0
2020-08-13 10:15:00,2371.64990234375,2371.64990234375,2371.60009765625,2371.60009765625,21.0
2020-08-13 10:25:00,2365.199951171875,2379.949951171875,2365.050048828125,2365.300048828125,39.0
2020-08-13 10:30:00,2365.25,2388.0,2365.25,2365.25,166.0
2020-08-13 10:35:00,2365.0,2365.0,2359.14990234375,2359.14990234375,77.0
2020-08-13 10:40:00,2361.0,2361.0,2356.0,2356.0,39.0
2020-08-13 10:45:00,2356.300048828125,2356.300048828125,2356.0,2356.0,31.0
2020-08-13 10:50:00,2356.0,2360.800048828125,2356.0,2356.050048828125,7.0
2020-08-13 10:55:00,2356.050048828125,2360.0,2356.0,2356.050048828125,29.0
2020-08-13 11:00:00,2362.25,2362.25,2357.75,2357.75,4.0
2020-08-13 11:05:00,2357.699951171875,2365.0,2357.699951171875,2358.550048828125,28.0
2020-08-13 11:10:00,2358.550048828125,2358.550048828125,2357.14990234375,2357.14990234375,3.0
2020-08-13 11:15:00,2357.10009765625,2357.10009765625,2356.0,2356.0,28.0
2020-08-13 11:20:00,2356.0,2360.0,2356.0,2356.0,44.0
2020-08-13 11:25:00,2356.0,2356.0,2356.0,2356.0,34.0
2020-08-13 11:30:00,2356.0,2356.050048828125,2356.0,2356.050048828125,3.0
2020-08-13 11:35:00,2356.050048828125,2361.800048828125,2356.050048828125,2359.949951171875,9.0
2020-08-13 11:40:00,2356.10009765625,2356.10009765625,2356.0,2356.0,19.0
2020-08-13 11:45:00,2356.0,2361.449951171875,2356.0,2356.050048828125,34.0
2020-08-13 11:50:00,2361.75,2361.75,2356.199951171875,2356.199951171875,11.0
2020-08-13 11:55:00,2356.199951171875,2365.0,2356.199951171875,2357.25,63.0
2020-08-13 12:00:00,2356.050048828125,2356.10009765625,2356.050048828125,2356.10009765625,4.0
2020-08-13 12:05:00,2356.10009765625,2360.0,2356.10009765625,2360.0,14.0
2020-08-13 12:10:00,2360.0,2362.89990234375,2360.0,2360.0,4.0
2020-08-13 12:15:00,2360.050048828125,2364.14990234375,2360.0,2360.0,99.0
2020-08-13 12:20:00,2360.0,2360.0,2360.0,2360.0,3.0
2020-08-13 12:25:00,2360.0,2360.0,2360.0,2360.0,3.0
2020-08-13 12:30:00,2360.0,2360.0,2359.0,2360.0,75.0
2020-08-13 12:35:00,2360.0,2361.0,2360.0,2361.0,2.0
2020-08-13 12:40:00,2361.0,2361.0,2361.0,2361.0,9.0
2020-08-13 12:45:00,2361.0,2362.14990234375,2361.0,2361.050048828125,87.0
2020-08-13 12:50:00,2361.10009765625,2361.10009765625,2361.10009765625,2361.10009765625,63.0
2020-08-13 12:55:00,2361.10009765625,2361.10009765625,2361.10009765625,2361.10009765625,2.0
2020-08-13 13:00:00,2361.10009765625,2361.10009765625,2361.10009765625,2361.10009765625,8.0
2020-08-13 13:05:00,2361.10009765625,2361.10009765625,2361.10009765625,2361.10009765625,4.0
2020-08-13 13:10:00,2365.0,2365.0,2361.10009765625,2361.10009765625,14.0
2020-08-13 13:15:00,2361.10009765625,2364.949951171875,2361.10009765625,2361.10009765625,35.0
2020-08-13 13:20:00,2361.10009765625,2366.25,2361.10009765625,2361.199951171875,19.0
2020-08-13 13:25:00,2361.14990234375,2361.14990234375,2361.10009765625,2361.10009765625,8.0
2020-08-13 13:30:00,2361.10009765625,2361.14990234375,2361.10009765625,2361.14990234375,3.0
2020-08-13 13:35:00,2361.10009765625,2365.14990234375,2361.10009765625,2361.550048828125,15.0
2020-08-13 13:40:00,2361.89990234375,2361.89990234375,2361.35009765625,2361.35009765625,18.0
2020-08-13 13:45:00,2361.10009765625,2369.39990234375,2361.10009765625,2361.10009765625,98.0
2020-08-13 13:50:00,2361.10009765625,2361.14990234375,2361.10009765625,2361.14990234375,2.0
2020-08-13 13:55:00,2361.14990234375,2362.300048828125,2361.10009765625,2361.10009765625,22.0
2020-08-13 14:00:00,2361.14990234375,2369.0,2361.10009765625,2361.10009765625,78.0
2020-08-13 14:05:00,2361.0,2366.949951171875,2361.0,2361.0,121.0
2020-08-13 14:10:00,2361.0,2361.0,2361.0,2361.0,1.0
2020-08-13 14:15:00,2361.0,2361.0,2361.0,2361.0,4.0
2020-08-13 14:20:00,2361.0,2361.0,2361.0,2361.0,27.0
2020-08-13 14:25:00,2361.0,2361.0,2361.0,2361.0,2.0
2020-08-13 14:30:00,2361.0,2361.0,2361.0,2361.0,23.0
2020-08-13 14:35:00,2361.0,2361.0,2361.0,2361.0,1.0
2020-08-13 14:40:00,2361.0,2361.0,2361.0,2361.0,2.0
2020-08-13 14:45:00,2361.050048828125,2361.050048828125,2361.0,2361.0,66.0
2020-08-13 14:50:00,2365.75,2374.0,2361.0,2366.25,210.0
2020-08-13 14:55:00,2375.0,2375.0,2370.14990234375,2370.25,94.0
2020-08-13 15:00:00,2370.25,2376.0,2370.199951171875,2370.199951171875,16.0
2020-08-13 15:05:00,2370.25,2377.0,2370.14990234375,2377.0,50.0
2020-08-13 15:10:00,2372.949951171875,2376.949951171875,2372.699951171875,2372.699951171875,27.0
2020-08-13 15:15:00,2375.0,2378.5,2372.0,2378.5,190.0
2020-08-13 15:20:00,2371.5,2375.0,2370.25,2373.300048828125,312.0
2020-08-13 15:25:00,2378.199951171875,2380.0,2372.550048828125,2373.300048828125,43.0
2020-08-14 09:15:00,2384.0,2413.949951171875,2384.0,2403.0,0.0
2020-08-14 09:20:00,2403.0,2403.0,2384.0,2387.10009765625,94.0
2020-08-14 09:25:00,2378.800048828125,2395.199951171875,2378.800048828125,2385.10009765625,63.0
2020-08-14 09:35:00,2385.35009765625,2385.35009765625,2385.35009765625,2385.35009765625,2.0
2020-08-14 09:45:00,2385.64990234375,2385.64990234375,2385.0,2385.0,27.0
2020-08-14 09:50:00,2388.199951171875,2389.0,2381.199951171875,2381.199951171875,37.0
2020-08-14 09:55:00,2386.89990234375,2386.89990234375,2386.89990234375,2386.89990234375,3.0
2020-08-14 10:00:00,2390.0,2400.0,2386.25,2386.25,119.0
2020-08-14 10:05:00,2390.800048828125,2400.0,2390.25,2391.60009765625,24.0
2020-08-14 10:10:00,2391.14990234375,2391.14990234375,2391.14990234375,2391.14990234375,1.0
2020-08-14 10:15:00,2391.60009765625,2391.64990234375,2391.60009765625,2391.64990234375,1.0
2020-08-14 10:20:00,2391.10009765625,2391.10009765625,2391.10009765625,2391.10009765625,11.0
2020-08-14 10:25:00,2391.050048828125,2395.14990234375,2386.85009765625,2394.39990234375,54.0
2020-08-14 10:30:00,2395.0,2398.0,2390.449951171875,2396.0,39.0
2020-08-14 10:35:00,2397.0,2397.0,2397.0,2397.0,2.0
2020-08-14 10:40:00,2400.0,2412.0,2400.0,2410.0,240.0
2020-08-14 10:45:00,2410.0,2416.0,2410.0,2410.39990234375,197.0
2020-08-14 10:50:00,2411.10009765625,2411.10009765625,2403.85009765625,2406.35009765625,13.0
2020-08-14 10:55:00,2407.0,2407.0,2404.0,2404.0,10.0
2020-08-14 11:00:00,2400.14990234375,2405.0,2385.75,2399.949951171875,177.0
2020-08-14 11:05:00,2387.949951171875,2404.949951171875,2387.949951171875,2400.0,67.0
2020-08-14 11:10:00,2400.0,2400.0,2400.0,2400.0,1.0
2020-08-14 11:15:00,2405.0,2405.0,2392.949951171875,2399.949951171875,12.0
2020-08-14 11:20:00,2400.0,2400.0,2392.050048828125,2392.050048828125,1.0
2020-08-14 11:25:00,2397.0,2399.949951171875,2395.0,2399.949951171875,6.0
2020-08-14 11:35:00,2403.199951171875,2403.300048828125,2392.25,2403.300048828125,77.0
2020-08-14 11:40:00,2400.0,2403.300048828125,2400.0,2400.050048828125,145.0
2020-08-14 11:45:00,2400.050048828125,2400.050048828125,2375.0,2378.949951171875,340.0
2020-08-14 11:50:00,2389.699951171875,2413.0,2389.699951171875,2410.050048828125,372.0
2020-08-14 11:55:00,2413.0,2430.0,2401.14990234375,2422.35009765625,948.0
2020-08-14 12:00:00,2425.0,2425.0,2415.0,2415.050048828125,55.0
2020-08-14 12:05:00,2415.14990234375,2415.14990234375,2403.550048828125,2403.64990234375,97.0
2020-08-14 12:10:00,2413.89990234375,2413.89990234375,2401.10009765625,2401.10009765625,13.0
2020-08-14 12:15:00,2401.0,2401.0,2401.0,2401.0,5.0
2020-08-14 12:20:00,2401.10009765625,2410.75,2400.0,2401.10009765625,143.0
2020-08-14 12:25:00,2401.10009765625,2402.60009765625,2400.0,2402.5,20.0
2020-08-14 12:30:00,2405.89990234375,2409.050048828125,2405.89990234375,2409.050048828125,27.0
2020-08-14 12:35:00,2416.449951171875,2416.449951171875,2410.0,2410.0,6.0
2020-08-14 12:40:00,2409.949951171875,2409.949951171875,2401.0,2401.0,6.0
2020-08-14 12:45:00,2410.0,2410.0,2400.050048828125,2400.050048828125,59.0
2020-08-14 12:50:00,2402.050048828125,2402.050048828125,2402.050048828125,2402.050048828125,1.0
2020-08-14 13:00:00,2404.0,2404.0,2402.0,2402.0,28.0
2020-08-14 13:05:00,2400.800048828125,2407.10009765625,2400.10009765625,2401.64990234375,35.0
2020-08-14 13:10:00,2402.0,2407.60009765625,2402.0,2403.60009765625,22.0
2020-08-14 13:15:00,2405.64990234375,2405.64990234375,2400.050048828125,2400.14990234375,28.0
2020-08-14 13:20:00,2400.14990234375,2408.39990234375,2400.14990234375,2400.85009765625,4.0
2020-08-14 13:25:00,2400.050048828125,2400.050048828125,2400.050048828125,2400.050048828125,1.0
2020-08-14 13:40:00,2400.050048828125,2400.050048828125,2382.10009765625,2382.10009765625,472.0
2020-08-14 13:45:00,2389.949951171875,2389.949951171875,2382.0,2382.0,69.0
2020-08-14 13:50:00,2382.0,2382.0,2360.0,2378.0,367.0
2020-08-14 13:55:00,2381.449951171875,2381.449951171875,2375.0,2375.0,11.0
2020-08-14 14:00:00,2370.25,2370.25,2370.25,2370.25,3.0
2020-08-14 14:05:00,2370.25,2378.550048828125,2367.949951171875,2367.949951171875,16.0
2020-08-14 14:15:00,2375.0,2376.35009765625,2360.89990234375,2376.35009765625,136.0
2020-08-14 14:20:00,2369.550048828125,2374.949951171875,2360.0,2365.14990234375,116.0
2020-08-14 14:25:00,2368.75,2379.800048828125,2368.75,2378.89990234375,26.0
2020-08-14 14:30:00,2378.0,2378.0,2374.5,2374.5,44.0
2020-08-14 14:35:00,2374.5,2379.300048828125,2372.449951171875,2372.449951171875,34.0
2020-08-14 14:40:00,2375.0,2382.39990234375,2372.25,2382.14990234375,23.0
2020-08-14 14:45:00,2382.35009765625,2382.39990234375,2374.300048828125,2380.0,20.0
2020-08-14 14:50:00,2380.0,2381.800048828125,2374.699951171875,2374.699951171875,44.0
2020-08-14 14:55:00,2374.300048828125,2375.35009765625,2370.10009765625,2375.35009765625,24.0
2020-08-14 15:00:00,2375.449951171875,2381.800048828125,2375.0,2381.75,40.0
2020-08-14 15:05:00,2385.35009765625,2395.199951171875,2385.35009765625,2389.050048828125,76.0
2020-08-14 15:10:00,2389.0,2389.0,2375.0,2375.0,39.0
2020-08-14 15:15:00,2375.10009765625,2381.949951171875,2375.050048828125,2375.14990234375,16.0
2020-08-14 15:20:00,2375.14990234375,2388.5,2375.14990234375,2375.199951171875,84.0
2020-08-14 15:25:00,2375.14990234375,2380.550048828125,2370.0,2380.550048828125,68.0
2020-08-17 09:15:00,2420.0,2420.0,2400.0,2400.0,0.0
2020-08-17 09:20:00,2410.0,2410.050048828125,2410.0,2410.050048828125,58.0
2020-08-17 09:30:00,2412.0,2413.550048828125,2410.0,2413.550048828125,9.0
2020-08-17 09:35:00,2410.0,2410.0,2410.0,2410.0,68.0
2020-08-17 09:40:00,2400.85009765625,2400.85009765625,2387.0,2387.0,0.0
2020-08-17 09:45:00,2394.300048828125,2394.300048828125,2394.300048828125,2394.300048828125,2.0
2020-08-17 09:55:00,2397.949951171875,2399.050048828125,2396.35009765625,2396.35009765625,19.0
2020-08-17 10:00:00,2399.85009765625,2400.0,2399.85009765625,2400.0,119.0
2020-08-17 10:05:00,2394.85009765625,2399.949951171875,2394.85009765625,2399.949951171875,5.0
2020-08-17 10:10:00,2400.0,2400.0,2400.0,2400.0,14.0
2020-08-17 10:20:00,2400.0,2400.0,2400.0,2400.0,2.0
2020-08-17 10:25:00,2400.0,2400.0,2400.0,2400.0,18.0
2020-08-17 10:30:00,2389.800048828125,2389.800048828125,2389.800048828125,2389.800048828125,20.0
2020-08-17 10:35:00,2399.89990234375,2399.89990234375,2399.89990234375,2399.89990234375,7.0
2020-08-17 10:40:00,2387.89990234375,2387.89990234375,2387.89990234375,2387.89990234375,1.0
2020-08-17 10:50:00,2399.89990234375,2399.89990234375,2399.89990234375,2399.89990234375,24.0
2020-08-17 11:00:00,2393.10009765625,2393.10009765625,2393.10009765625,2393.10009765625,2.0
2020-08-17 11:05:00,2397.85009765625,2397.85009765625,2397.85009765625,2397.85009765625,4.0
2020-08-17 11:10:00,2393.0,2393.0,2392.5,2392.5,50.0
2020-08-17 11:15:00,2392.5,2393.0,2387.89990234375,2393.0,39.0
2020-08-17 11:20:00,2387.949951171875,2393.0,2387.949951171875,2393.0,13.0
2020-08-17 11:25:00,2400.0,2400.0,2400.0,2400.0,52.0
2020-08-17 11:30:00,2399.949951171875,2399.949951171875,2399.949951171875,2399.949951171875,14.0
2020-08-17 11:35:00,2399.949951171875,2399.949951171875,2399.949951171875,2399.949951171875,6.0
2020-08-17 11:40:00,2397.949951171875,2397.949951171875,2397.949951171875,2397.949951171875,2.0
2020-08-17 11:45:00,2390.300048828125,2390.300048828125,2390.300048828125,2390.300048828125,1.0
2020-08-17 11:50:00,2390.10009765625,2390.10009765625,2388.0,2388.0,15.0
2020-08-17 12:00:00,2388.300048828125,2388.300048828125,2388.300048828125,2388.300048828125,0.0
2020-08-17 12:10:00,2394.050048828125,2394.050048828125,2390.10009765625,2390.10009765625,10.0
2020-08-17 12:25:00,2395.050048828125,2395.050048828125,2395.050048828125,2395.050048828125,2.0
2020-08-17 12:30:00,2390.14990234375,2390.14990234375,2390.14990234375,2390.14990234375,1.0
2020-08-17 12:35:00,2390.10009765625,2395.050048828125,2390.10009765625,2395.050048828125,13.0
2020-08-17 12:40:00,2391.0,2391.0,2391.0,2391.0,15.0
2020-08-17 12:45:00,2390.14990234375,2390.14990234375,2390.14990234375,2390.14990234375,0.0
2020-08-17 12:50:00,2390.10009765625,2390.10009765625,2387.0,2387.0,21.0
2020-08-17 12:55:00,2387.0,2388.0,2387.0,2388.0,22.0
2020-08-17 13:00:00,2387.0,2387.0,2387.0,2387.0,8.0
2020-08-17 13:05:00,2388.0,2388.0,2387.0,2387.0,20.0
2020-08-17 13:10:00,2385.0,2385.0,2385.0,2385.0,1.0
2020-08-17 13:15:00,2380.0,2385.0,2380.0,2380.0,58.0
2020-08-17 13:20:00,2379.0,2379.0,2374.60009765625,2374.60009765625,42.0
2020-08-17 13:25:00,2371.050048828125,2371.050048828125,2370.550048828125,2370.550048828125,13.0
2020-08-17 13:30:00,2378.60009765625,2378.60009765625,2378.60009765625,2378.60009765625,0.0
2020-08-17 13:40:00,2371.10009765625,2371.10009765625,2371.10009765625,2371.10009765625,4.0
2020-08-17 13:45:00,2371.0,2374.800048828125,2371.0,2374.800048828125,5.0
2020-08-17 13:50:00,2374.050048828125,2374.050048828125,2370.0,2373.199951171875,48.0
2020-08-17 13:55:00,2377.949951171875,2377.949951171875,2377.949951171875,2377.949951171875,21.0
2020-08-17 14:00:00,2370.0,2378.0,2370.0,2370.050048828125,42.0
2020-08-17 14:05:00,2377.949951171875,2377.949951171875,2377.949951171875,2377.949951171875,2.0
2020-08-17 14:10:00,2374.0,2374.0,2374.0,2374.0,5.0
2020-08-17 14:15:00,2370.050048828125,2370.050048828125,2370.050048828125,2370.050048828125,0.0
2020-08-17 14:25:00,2375.449951171875,2375.449951171875,2375.449951171875,2375.449951171875,4.0
2020-08-17 14:30:00,2370.0,2370.0,2370.0,2370.0,10.0
2020-08-17 14:50:00,2373.199951171875,2373.199951171875,2370.0,2370.0,5.0
2020-08-17 15:00:00,2370.0,2370.0,2370.0,2370.0,12.0
2020-08-17 15:05:00,2372.5,2372.5,2372.5,2372.5,2.0
2020-08-17 15:10:00,2371.10009765625,2371.10009765625,2370.050048828125,2370.050048828125,2.0
2020-08-17 15:15:00,2372.14990234375,2372.14990234375,2368.300048828125,2370.0,11.0
2020-08-17 15:20:00,2369.89990234375,2370.0,2369.89990234375,2370.0,50.0
2020-08-17 15:25:00,2370.0,2370.0,2365.050048828125,2365.050048828125,11.0
2020-08-18 09:15:00,2362.25,2362.25,2362.25,2362.25,0.0
2020-08-18 09:20:00,2368.050048828125,2368.10009765625,2368.050048828125,2368.10009765625,5.0
2020-08-18 09:25:00,2380.0,2382.0,2380.0,2382.0,66.0
2020-08-18 09:30:00,2383.0,2383.0,2383.0,2383.0,0.0
2020-08-18 09:35:00,2383.0,2383.0,2381.550048828125,2381.550048828125,68.0
2020-08-18 09:40:00,2360.050048828125,2375.699951171875,2360.050048828125,2375.699951171875,286.0
2020-08-18 09:45:00,2383.10009765625,2383.10009765625,2375.75,2375.75,12.0
2020-08-18 09:55:00,2375.699951171875,2375.699951171875,2370.0,2374.949951171875,27.0
2020-08-18 10:00:00,2367.800048828125,2367.800048828125,2367.800048828125,2367.800048828125,6.0
2020-08-18 10:05:00,2367.0,2367.0,2366.949951171875,2366.949951171875,8.0
2020-08-18 10:10:00,2361.300048828125,2367.800048828125,2361.14990234375,2367.800048828125,68.0
2020-08-18 10:15:00,2368.10009765625,2368.10009765625,2368.10009765625,2368.10009765625,0.0
2020-08-18 10:20:00,2373.75,2373.75,2373.75,2373.75,0.0
2020-08-18 10:25:00,2373.800048828125,2373.800048828125,2373.800048828125,2373.800048828125,8.0
2020-08-18 10:30:00,2373.75,2373.75,2373.75,2373.75,0.0
2020-08-18 10:40:00,2373.75,2381.39990234375,2373.75,2381.39990234375,26.0
2020-08-18 10:45:00,2371.0,2379.85009765625,2370.0,2370.0,13.0
2020-08-18 10:50:00,2372.0,2372.0,2372.0,2372.0,14.0
2020-08-18 10:55:00,2372.050048828125,2410.10009765625,2372.050048828125,2410.10009765625,659.0
2020-08-18 11:00:00,2415.60009765625,2415.60009765625,2407.14990234375,2407.14990234375,73.0
2020-08-18 11:05:00,2403.550048828125,2413.949951171875,2401.050048828125,2401.050048828125,14.0
2020-08-18 11:10:00,2401.0,2402.25,2400.050048828125,2402.25,67.0
2020-08-18 11:15:00,2402.0,2405.800048828125,2400.25,2405.800048828125,32.0
2020-08-18 11:20:00,2402.0,2406.0,2402.0,2403.550048828125,53.0
2020-08-18 11:25:00,2403.550048828125,2403.550048828125,2402.0,2402.0,2.0
2020-08-18 11:30:00,2402.0,2402.0,2402.0,2402.0,12.0
2020-08-18 11:35:00,2402.0,2402.0,2402.0,2402.0,12.0
2020-08-18 11:40:00,2402.0,2402.0,2402.0,2402.0,24.0
2020-08-18 11:45:00,2403.64990234375,2403.64990234375,2403.64990234375,2403.64990234375,2.0
2020-08-18 11:55:00,2408.85009765625,2408.85009765625,2408.85009765625,2408.85009765625,2.0
2020-08-18 12:00:00,2408.85009765625,2408.85009765625,2402.25,2402.25,25.0
2020-08-18 12:10:00,2402.25,2402.25,2400.050048828125,2400.050048828125,459.0
2020-08-18 12:15:00,2400.0,2400.10009765625,2400.0,2400.10009765625,554.0
2020-08-18 12:20:00,2400.050048828125,2400.050048828125,2400.0,2400.0,91.0
2020-08-18 12:30:00,2400.0,2400.0,2400.0,2400.0,0.0
2020-08-18 12:35:00,2405.0,2405.0,2400.050048828125,2400.050048828125,10.0
2020-08-18 12:40:00,2408.949951171875,2408.949951171875,2400.449951171875,2400.449951171875,9.0
2020-08-18 12:45:00,2406.75,2408.449951171875,2400.050048828125,2400.050048828125,3.0
2020-08-18 12:50:00,2407.949951171875,2414.449951171875,2401.550048828125,2401.550048828125,56.0
2020-08-18 13:05:00,2401.35009765625,2401.35009765625,2401.35009765625,2401.35009765625,2.0
2020-08-18 13:10:00,2400.85009765625,2400.85009765625,2400.85009765625,2400.85009765625,13.0
2020-08-18 13:15:00,2402.0,2402.0,2402.0,2402.0,8355.0
2020-08-18 13:20:00,2401.14990234375,2415.449951171875,2401.14990234375,2405.14990234375,85.0
2020-08-18 13:45:00,2415.0,2415.0,2405.75,2406.85009765625,30.0
2020-08-18 13:50:00,2411.949951171875,2411.949951171875,2411.949951171875,2411.949951171875,4.0
2020-08-18 13:55:00,2406.85009765625,2406.85009765625,2405.25,2405.25,0.0
2020-08-18 14:00:00,2406.35009765625,2406.35009765625,2406.35009765625,2406.35009765625,0.0
2020-08-18 14:05:00,2405.949951171875,2405.949951171875,2400.85009765625,2400.85009765625,11389.0
2020-08-18 14:10:00,2400.0,2400.050048828125,2400.0,2400.050048828125,72.0
2020-08-18 14:15:00,2400.0,2400.050048828125,2400.0,2400.050048828125,52.0
2020-08-18 14:20:00,2400.0,2402.5,2400.0,2402.5,19.0
2020-08-18 14:25:00,2402.5,2405.949951171875,2402.5,2405.949951171875,20.0
2020-08-18 14:30:00,2400.0,2400.0,2400.0,2400.0,24.0
2020-08-18 14:35:00,2400.050048828125,2400.050048828125,2400.0,2400.0,22.0
2020-08-18 14:40:00,2400.0,2400.0,2381.550048828125,2396.75,97.0
2020-08-18 14:45:00,2394.949951171875,2394.949951171875,2381.60009765625,2385.050048828125,11.0
2020-08-18 14:50:00,2385.050048828125,2393.75,2385.050048828125,2385.050048828125,65.0
2020-08-18 14:55:00,2388.199951171875,2388.199951171875,2385.050048828125,2385.050048828125,4.0
2020-08-18 15:00:00,2393.550048828125,2393.550048828125,2393.550048828125,2393.550048828125,0.0
2020-08-18 15:05:00,2391.60009765625,2391.60009765625,2391.5,2391.5,3.0
2020-08-18 15:10:00,2387.949951171875,2387.949951171875,2385.0,2385.050048828125,14.0
2020-08-18 15:15:00,2385.0,2388.800048828125,2385.0,2388.800048828125,17.0
2020-08-18 15:20:00,2386.800048828125,2387.449951171875,2385.0,2387.449951171875,41.0
2020-08-18 15:25:00,2387.449951171875,2388.800048828125,2385.0,2386.39990234375,43.0
2020-08-19 09:15:00,2398.050048828125,2398.300048828125,2398.050048828125,2398.300048828125,0.0
2020-08-19 09:20:00,2390.75,2396.75,2390.75,2396.75,8.0
2020-08-19 09:25:00,2396.699951171875,2400.0,2396.699951171875,2399.949951171875,28.0
2020-08-19 09:35:00,2391.300048828125,2391.5,2390.050048828125,2390.050048828125,10.0
2020-08-19 09:40:00,2390.0,2397.449951171875,2390.0,2397.449951171875,39.0
2020-08-19 09:45:00,2396.75,2399.14990234375,2395.0,2395.0,22.0
2020-08-19 09:50:00,2400.0,2400.0,2400.0,2400.0,44.0
2020-08-19 09:55:00,2400.0,2403.0,2400.0,2403.0,20.0
2020-08-19 10:00:00,2400.0,2401.949951171875,2394.64990234375,2401.949951171875,18.0
2020-08-19 10:05:00,2400.0,2400.050048828125,2399.89990234375,2400.050048828125,129.0
2020-08-19 10:10:00,2400.0,2400.0,2400.0,2400.0,559.0
2020-08-19 10:15:00,2407.949951171875,2407.949951171875,2399.949951171875,2400.050048828125,8.0
2020-08-19 10:20:00,2406.0,2406.0,2400.300048828125,2405.949951171875,16.0
2020-08-19 10:25:00,2400.0,2406.0,2400.0,2400.14990234375,46.0
2020-08-19 10:30:00,2406.0,2406.0,2400.0,2400.0,93.0
2020-08-19 10:35:00,2400.050048828125,2405.949951171875,2400.050048828125,2405.949951171875,7.0
2020-08-19 10:40:00,2400.050048828125,2400.050048828125,2400.050048828125,2400.050048828125,7.0
2020-08-19 10:45:00,2400.050048828125,2400.050048828125,2400.050048828125,2400.050048828125,13.0
2020-08-19 10:50:00,2400.050048828125,2406.0,2400.050048828125,2400.10009765625,12.0
2020-08-19 10:55:00,2400.25,2405.75,2400.25,2400.300048828125,129.0
2020-08-19 11:00:00,2409.5,2409.5,2400.25,2407.199951171875,30.0
2020-08-19 11:05:00,2407.64990234375,2407.64990234375,2400.050048828125,2400.050048828125,15.0
2020-08-19 11:10:00,2400.10009765625,2400.10009765625,2400.10009765625,2400.10009765625,14.0
2020-08-19 11:15:00,2400.10009765625,2406.0,2391.699951171875,2391.699951171875,226.0
2020-08-19 11:20:00,2393.0,2400.0,2392.0,2395.85009765625,198.0
2020-08-19 11:25:00,2400.0,2400.050048828125,2400.0,2400.050048828125,24.0
2020-08-19 11:30:00,2400.0,2400.0,2400.0,2400.0,4.0
2020-08-19 11:40:00,2400.050048828125,2400.050048828125,2400.0,2400.0,18.0
2020-08-19 11:45:00,2400.0,2403.0,2400.0,2403.0,8.0
2020-08-19 11:50:00,2405.0,2405.0,2400.199951171875,2400.199951171875,7.0
2020-08-19 11:55:00,2401.050048828125,2410.0,2401.0,2402.64990234375,48.0
2020-08-19 12:05:00,2404.550048828125,2404.550048828125,2403.25,2403.25,2.0
2020-08-19 12:15:00,2410.0,2410.0,2405.25,2405.300048828125,45.0
2020-08-19 12:30:00,2410.0,2410.0,2405.5,2405.5,7.0
2020-08-19 12:35:00,2410.0,2416.5,2406.14990234375,2416.5,73.0
2020-08-19 12:40:00,2418.0,2427.5,2416.5,2423.050048828125,186.0
2020-08-19 12:45:00,2423.199951171875,2429.25,2423.199951171875,2423.550048828125,102.0
2020-08-19 12:55:00,2423.5,2427.5,2422.0,2422.0,68.0
2020-08-19 13:00:00,2422.0,2430.0,2422.0,2422.050048828125,33.0
2020-08-19 13:05:00,2422.050048828125,2422.050048828125,2413.64990234375,2413.64990234375,108.0
2020-08-19 13:10:00,2411.0,2412.949951171875,2409.0,2409.0,28.0
2020-08-19 13:15:00,2409.050048828125,2409.050048828125,2409.0,2409.0,3.0
2020-08-19 13:35:00,2409.449951171875,2416.300048828125,2409.0,2409.0,59.0
2020-08-19 13:40:00,2416.35009765625,2416.35009765625,2409.14990234375,2409.14990234375,2.0
2020-08-19 13:45:00,2411.0,2411.0,2410.949951171875,2410.949951171875,30.0
2020-08-19 13:50:00,2410.0,2410.0,2409.199951171875,2409.199951171875,12.0
2020-08-19 13:55:00,2409.0,2424.60009765625,2403.14990234375,2410.60009765625,199.0
2020-08-19 14:05:00,2417.85009765625,2417.85009765625,2409.39990234375,2409.39990234375,8.0
2020-08-19 14:10:00,2414.949951171875,2414.949951171875,2414.949951171875,2414.949951171875,1.0
2020-08-19 14:15:00,2415.0,2420.0,2415.0,2420.0,56.0
2020-08-19 14:20:00,2420.0,2425.0,2420.0,2420.14990234375,153.0
2020-08-19 14:25:00,2420.0,2420.0,2420.0,2420.0,183.0
2020-08-19 14:30:00,2425.0,2425.0,2420.0,2420.0,286.0
2020-08-19 14:35:00,2405.25,2420.0,2405.25,2406.64990234375,103.0
2020-08-19 14:40:00,2421.800048828125,2422.050048828125,2407.050048828125,2407.050048828125,59.0
2020-08-19 14:45:00,2410.050048828125,2417.14990234375,2410.050048828125,2410.050048828125,13.0
2020-08-19 14:50:00,2410.050048828125,2410.10009765625,2410.050048828125,2410.10009765625,33.0
2020-08-19 14:55:00,2411.050048828125,2418.64990234375,2410.10009765625,2411.0,15.0
2020-08-19 15:00:00,2411.0,2418.25,2410.14990234375,2418.25,48.0
2020-08-19 15:05:00,2410.699951171875,2414.449951171875,2410.699951171875,2410.85009765625,4.0
2020-08-19 15:10:00,2411.050048828125,2416.75,2410.75,2410.75,48.0
2020-08-19 15:15:00,2416.949951171875,2416.949951171875,2410.75,2416.949951171875,99.0
2020-08-19 15:20:00,2416.60009765625,2419.949951171875,2416.0,2416.0,133.0
2020-08-19 15:25:00,2419.0,2419.0,2411.0,2415.39990234375,47.0
2020-08-20 09:20:00,2405.050048828125,2405.050048828125,2405.0,2405.0,113.0
2020-08-20 09:25:00,2396.85009765625,2400.0,2396.85009765625,2400.0,0.0
2020-08-20 09:30:00,2405.050048828125,2419.14990234375,2390.39990234375,2419.0,97.0
2020-08-20 09:35:00,2417.949951171875,2425.0,2417.949951171875,2422.0,26.0
2020-08-20 09:40:00,2417.949951171875,2424.0,2417.949951171875,2424.0,13.0
2020-08-20 09:45:00,2427.449951171875,2427.5,2425.0,2426.050048828125,192.0
2020-08-20 09:50:00,2426.050048828125,2426.050048828125,2426.050048828125,2426.050048828125,1.0
2020-08-20 09:55:00,2425.0,2429.85009765625,2425.0,2429.85009765625,21.0
2020-08-20 10:00:00,2429.949951171875,2429.949951171875,2425.0,2425.0,93.0
2020-08-20 10:05:00,2425.0,2425.0,2425.0,2425.0,149.0
2020-08-20 10:10:00,2425.0,2425.0,2425.0,2425.0,4.0
2020-08-20 10:15:00,2429.89990234375,2429.949951171875,2425.0,2425.050048828125,176.0
2020-08-20 10:20:00,2430.0,2430.0,2420.0,2420.0,100.0
2020-08-20 10:25:00,2427.0,2429.949951171875,2420.0,2420.050048828125,10.0
2020-08-20 10:40:00,2441.300048828125,2441.300048828125,2441.300048828125,2441.300048828125,0.0
2020-08-20 10:45:00,2442.75,2442.75,2442.75,2442.75,1203.0
2020-08-20 10:50:00,2443.449951171875,2443.5,2441.0,2441.10009765625,50.0
2020-08-20 10:55:00,2443.0,2449.75,2441.0,2442.449951171875,198.0
2020-08-20 11:00:00,2441.0,2449.60009765625,2440.0,2441.10009765625,149.0
2020-08-20 11:05:00,2441.39990234375,2458.85009765625,2440.050048828125,2440.050048828125,136.0
2020-08-20 11:10:00,2440.0,2440.0,2440.0,2440.0,6.0
2020-08-20 11:15:00,2444.0,2444.0,2440.050048828125,2441.14990234375,96.0
2020-08-20 11:20:00,2440.10009765625,2441.949951171875,2440.050048828125,2441.0,34.0
2020-08-20 11:25:00,2440.10009765625,2440.10009765625,2440.0,2440.050048828125,25.0
2020-08-20 11:30:00,2440.10009765625,2440.10009765625,2440.10009765625,2440.10009765625,31.0
2020-08-20 11:35:00,2451.199951171875,2451.199951171875,2451.199951171875,2451.199951171875,2.0
2020-08-20 11:40:00,2442.050048828125,2449.60009765625,2442.050048828125,2442.10009765625,16.0
2020-08-20 11:45:00,2442.10009765625,2442.10009765625,2442.10009765625,2442.10009765625,7.0
2020-08-20 11:50:00,2444.0,2444.0,2443.0,2443.0,32.0
2020-08-20 11:55:00,2444.5,2450.949951171875,2443.300048828125,2444.75,80.0
2020-08-20 12:00:00,2450.0,2450.0,2445.14990234375,2445.14990234375,42.0
2020-08-20 12:05:00,2445.199951171875,2445.199951171875,2445.199951171875,2445.199951171875,22.0
2020-08-20 12:10:00,2445.199951171875,2445.199951171875,2445.199951171875,2445.199951171875,7.0
2020-08-20 12:15:00,2445.199951171875,2445.199951171875,2445.199951171875,2445.199951171875,6.0
2020-08-20 12:20:00,2445.25,2445.25,2443.300048828125,2443.300048828125,20.0
2020-08-20 12:30:00,2440.14990234375,2440.14990234375,2440.10009765625,2440.10009765625,34.0
2020-08-20 12:35:00,2440.10009765625,2440.10009765625,2438.0,2438.0,116.0
2020-08-20 12:40:00,2438.0,2438.0,2435.050048828125,2435.050048828125,6.0
2020-08-20 12:50:00,2435.050048828125,2445.0,2435.050048828125,2435.050048828125,128.0
2020-08-20 12:55:00,2435.050048828125,2435.050048828125,2435.050048828125,2435.050048828125,0.0
2020-08-20 13:00:00,2445.0,2445.0,2435.300048828125,2435.300048828125,26.0
2020-08-20 13:05:00,2435.300048828125,2435.39990234375,2435.300048828125,2435.39990234375,12.0
2020-08-20 13:10:00,2438.25,2438.25,2438.25,2438.25,3.0
2020-08-20 13:15:00,2439.35009765625,2439.35009765625,2432.300048828125,2435.0,62.0
2020-08-20 13:20:00,2430.449951171875,2430.449951171875,2430.449951171875,2430.449951171875,7.0
2020-08-20 13:25:00,2430.0,2430.050048828125,2430.0,2430.050048828125,15.0
2020-08-20 13:30:00,2431.0,2431.0,2430.0,2430.050048828125,26.0
2020-08-20 13:35:00,2435.0,2436.64990234375,2430.0,2430.0,8.0
2020-08-20 13:45:00,2430.10009765625,2430.10009765625,2430.050048828125,2430.050048828125,5.0
2020-08-20 13:55:00,2430.10009765625,2444.949951171875,2430.10009765625,2431.0,82.0
2020-08-20 14:00:00,2440.699951171875,2440.699951171875,2440.699951171875,2440.699951171875,0.0
2020-08-20 14:05:00,2444.35009765625,2444.35009765625,2431.5,2431.5,14.0
2020-08-20 14:10:00,2440.85009765625,2440.85009765625,2432.050048828125,2432.050048828125,1.0
2020-08-20 14:20:00,2437.699951171875,2439.949951171875,2431.64990234375,2439.60009765625,39.0
2020-08-20 14:25:00,2431.39990234375,2431.39990234375,2431.39990234375,2431.39990234375,0.0
2020-08-20 14:35:00,2431.050048828125,2431.050048828125,2431.050048828125,2431.050048828125,8.0
2020-08-20 14:40:00,2430.050048828125,2430.050048828125,2430.050048828125,2430.050048828125,11.0
2020-08-20 14:45:00,2431.10009765625,2439.300048828125,2431.10009765625,2431.199951171875,16.0
2020-08-20 14:50:00,2439.25,2439.25,2439.25,2439.25,2.0
2020-08-20 14:55:00,2439.25,2439.25,2430.050048828125,2430.050048828125,107.0
2020-08-20 15:00:00,2437.0,2437.050048828125,2430.0,2437.050048828125,21.0
2020-08-20 15:05:00,2435.64990234375,2436.75,2430.0,2430.5,87.0
2020-08-20 15:10:00,2430.699951171875,2430.85009765625,2430.699951171875,2430.85009765625,4.0
2020-08-20 15:15:00,2432.85009765625,2445.60009765625,2432.800048828125,2433.199951171875,58.0
2020-08-20 15:20:00,2434.050048828125,2435.60009765625,2432.800048828125,2432.85009765625,64.0
2020-08-20 15:25:00,2433.300048828125,2443.0,2432.800048828125,2436.25,62.0
2020-08-21 09:15:00,2448.0,2463.0,2448.0,2460.0,0.0
2020-08-21 09:20:00,2445.39990234375,2467.0,2445.39990234375,2451.800048828125,63.0
2020-08-21 09:25:00,2451.949951171875,2460.0,2451.949951171875,2460.0,17.0
2020-08-21 09:30:00,2459.949951171875,2460.0,2445.60009765625,2445.60009765625,69.0
2020-08-21 09:35:00,2461.14990234375,2461.14990234375,2461.14990234375,2461.14990234375,101.0
2020-08-21 09:40:00,2460.0,2467.0,2460.0,2467.0,137.0
2020-08-21 09:45:00,2472.0,2472.0,2465.050048828125,2465.050048828125,60.0
2020-08-21 09:50:00,2475.0,2475.0,2465.0,2470.199951171875,62.0
2020-08-21 09:55:00,2465.0,2470.0,2465.0,2465.0,309.0
2020-08-21 10:00:00,2465.0,2466.0,2465.0,2466.0,23.0
2020-08-21 10:05:00,2466.0,2466.0,2466.0,2466.0,8.0
2020-08-21 10:10:00,2466.0,2466.0,2466.0,2466.0,11.0
2020-08-21 10:15:00,2466.0,2466.0,2465.0,2465.0,70.0
2020-08-21 10:20:00,2465.0,2474.949951171875,2465.0,2470.050048828125,80.0
2020-08-21 10:25:00,2470.0,2470.0,2470.0,2470.0,50.0
2020-08-21 10:30:00,2473.75,2474.800048828125,2470.0,2470.0,82.0
2020-08-21 10:40:00,2472.0,2472.0,2459.60009765625,2465.0,156.0
2020-08-21 10:45:00,2469.800048828125,2469.800048828125,2469.800048828125,2469.800048828125,3.0
2020-08-21 10:50:00,2469.75,2469.75,2463.85009765625,2465.0,606.0
2020-08-21 10:55:00,2465.0,2474.949951171875,2465.0,2467.050048828125,68.0
2020-08-21 11:05:00,2472.0,2472.050048828125,2470.050048828125,2472.050048828125,108.0
2020-08-21 11:10:00,2475.949951171875,2479.5,2473.050048828125,2473.89990234375,83.0
2020-08-21 11:15:00,2479.949951171875,2488.800048828125,2474.0,2480.85009765625,235.0
2020-08-21 11:20:00,2488.75,2496.0,2481.25,2493.0,95.0
2020-08-21 11:25:00,2493.0,2499.0,2474.050048828125,2482.949951171875,627.0
2020-08-21 11:30:00,2485.199951171875,2500.0,2485.0,2488.75,126.0
2020-08-21 11:35:00,2486.0,2486.050048828125,2486.0,2486.050048828125,17.0
2020-08-21 11:40:00,2486.050048828125,2486.050048828125,2486.050048828125,2486.050048828125,9.0
2020-08-21 11:45:00,2492.449951171875,2492.449951171875,2487.0,2487.0,31.0
2020-08-21 11:50:00,2487.0,2487.0,2487.0,2487.0,0.0
2020-08-21 11:55:00,2490.0,2500.0,2476.75,2477.449951171875,236.0
2020-08-21 12:00:00,2481.14990234375,2481.199951171875,2462.35009765625,2466.89990234375,234.0
2020-08-21 12:05:00,2466.949951171875,2467.550048828125,2455.050048828125,2455.25,264.0
2020-08-21 12:10:00,2455.25,2456.85009765625,2445.0,2450.050048828125,165.0
2020-08-21 12:15:00,2450.0,2459.050048828125,2445.0,2459.050048828125,64.0
2020-08-21 12:20:00,2460.0,2460.0,2451.10009765625,2452.199951171875,26.0
2020-08-21 12:25:00,2459.449951171875,2459.449951171875,2459.449951171875,2459.449951171875,6.0
2020-08-21 12:30:00,2452.300048828125,2452.300048828125,2452.300048828125,2452.300048828125,9.0
2020-08-21 12:35:00,2452.800048828125,2452.800048828125,2452.050048828125,2452.050048828125,2.0
2020-08-21 12:45:00,2460.0,2462.050048828125,2455.0,2456.050048828125,38.0
2020-08-21 12:55:00,2462.0,2462.0,2455.0,2455.0,37.0
2020-08-21 13:00:00,2460.0,2460.0,2460.0,2460.0,7.0
2020-08-21 13:05:00,2467.0,2467.0,2445.0,2450.0,332.0
2020-08-21 13:10:00,2450.0,2450.0,2450.0,2450.0,0.0
2020-08-21 13:15:00,2460.0,2460.050048828125,2460.0,2460.0,98.0
2020-08-21 13:20:00,2461.199951171875,2461.199951171875,2461.199951171875,2461.199951171875,29.0
2020-08-21 13:30:00,2464.050048828125,2464.050048828125,2464.050048828125,2464.050048828125,1.0
2020-08-21 13:40:00,2465.0,2465.35009765625,2465.0,2465.35009765625,27.0
2020-08-21 13:45:00,2465.300048828125,2465.300048828125,2465.0,2465.050048828125,120.0
2020-08-21 13:50:00,2465.449951171875,2476.35009765625,2465.300048828125,2467.050048828125,82.0
2020-08-21 13:55:00,2467.449951171875,2473.699951171875,2465.35009765625,2473.699951171875,26.0
2020-08-21 14:00:00,2473.699951171875,2476.550048828125,2473.699951171875,2476.550048828125,13.0
2020-08-21 14:05:00,2477.0,2477.0,2465.0,2471.60009765625,79.0
2020-08-21 14:10:00,2465.050048828125,2476.550048828125,2465.0,2468.199951171875,65.0
2020-08-21 14:15:00,2465.60009765625,2465.60009765625,2465.60009765625,2465.60009765625,3.0
2020-08-21 14:20:00,2480.0,2490.0,2468.14990234375,2473.300048828125,111.0
2020-08-21 14:25:00,2473.75,2480.14990234375,2468.14990234375,2480.050048828125,88.0
2020-08-21 14:30:00,2480.14990234375,2480.14990234375,2480.0,2480.0,447.0
2020-08-21 14:35:00,2480.0,2480.0,2468.14990234375,2468.14990234375,12.0
2020-08-21 14:40:00,2465.300048828125,2469.89990234375,2460.0,2461.949951171875,107.0
2020-08-21 14:45:00,2461.949951171875,2461.949951171875,2460.050048828125,2461.949951171875,5.0
2020-08-21 14:50:00,2463.64990234375,2463.64990234375,2460.0,2460.0,7.0
2020-08-21 14:55:00,2460.0,2460.0,2457.0,2457.0,10.0
2020-08-21 15:05:00,2457.35009765625,2457.35009765625,2457.35009765625,2457.35009765625,0.0
2020-08-21 15:15:00,2460.0,2460.0,2450.0,2450.050048828125,371.0
2020-08-21 15:20:00,2450.050048828125,2457.89990234375,2450.050048828125,2456.300048828125,108.0
2020-08-21 15:25:00,2455.0,2464.0,2450.39990234375,2455.85009765625,94.0
2020-08-24 09:15:00,2420.050048828125,2548.0,2420.050048828125,2477.14990234375,0.0
2020-08-24 09:20:00,2480.0,2482.300048828125,2474.0,2474.0,17.0
2020-08-24 09:25:00,2473.85009765625,2482.14990234375,2473.85009765625,2482.14990234375,20.0
2020-08-24 09:30:00,2484.85009765625,2498.050048828125,2484.85009765625,2498.050048828125,109.0
2020-08-24 09:35:00,2498.0,2500.0,2498.0,2498.10009765625,28.0
2020-08-24 09:40:00,2500.0,2500.0,2476.699951171875,2476.699951171875,121.0
2020-08-24 09:45:00,2476.699951171875,2476.699951171875,2476.699951171875,2476.699951171875,1.0
2020-08-24 09:50:00,2490.800048828125,2490.800048828125,2476.75,2476.75,19.0
2020-08-24 09:55:00,2476.75,2476.75,2476.699951171875,2476.699951171875,11.0
2020-08-24 10:00:00,2476.699951171875,2476.699951171875,2475.0,2475.050048828125,25.0
2020-08-24 10:05:00,2475.10009765625,2475.10009765625,2475.0,2475.0,44.0
2020-08-24 10:10:00,2468.199951171875,2617.85009765625,2468.199951171875,2600.0,6441.0
2020-08-24 10:15:00,2592.300048828125,2600.0,2520.0,2550.14990234375,7873.0
2020-08-24 10:20:00,2542.699951171875,2547.64990234375,2530.0,2536.199951171875,372.0
2020-08-24 10:25:00,2530.14990234375,2544.0,2505.199951171875,2520.0,993.0
2020-08-24 10:30:00,2515.0,2538.949951171875,2510.0,2529.39990234375,543.0
2020-08-24 10:35:00,2532.699951171875,2547.64990234375,2525.0,2528.0,448.0
2020-08-24 10:40:00,2528.050048828125,2546.0,2525.5,2540.199951171875,202.0
2020-08-24 10:45:00,2546.0,2547.0,2528.050048828125,2528.050048828125,557.0
2020-08-24 10:50:00,2534.0,2536.14990234375,2526.64990234375,2528.199951171875,104.0
2020-08-24 10:55:00,2525.0,2531.85009765625,2525.0,2525.0,730.0
2020-08-24 11:00:00,2528.699951171875,2536.0,2525.0,2525.0,211.0
2020-08-24 11:05:00,2525.0,2533.949951171875,2525.0,2526.64990234375,372.0
2020-08-24 11:10:00,2527.699951171875,2540.0,2525.050048828125,2525.89990234375,206.0
2020-08-24 11:15:00,2527.050048828125,2531.949951171875,2525.050048828125,2525.050048828125,72.0
2020-08-24 11:20:00,2525.14990234375,2533.449951171875,2525.14990234375,2528.35009765625,297.0
2020-08-24 11:25:00,2530.0,2539.949951171875,2525.14990234375,2527.60009765625,372.0
2020-08-24 11:30:00,2530.25,2530.25,2530.14990234375,2530.14990234375,4.0
2020-08-24 11:35:00,2530.14990234375,2537.75,2530.14990234375,2530.14990234375,28.0
2020-08-24 11:40:00,2525.050048828125,2533.199951171875,2525.050048828125,2533.199951171875,53.0
2020-08-24 11:45:00,2525.14990234375,2574.949951171875,2525.14990234375,2565.14990234375,1174.0
2020-08-24 11:50:00,2563.949951171875,2582.949951171875,2556.550048828125,2579.449951171875,466.0
2020-08-24 11:55:00,2579.300048828125,2619.949951171875,2578.0,2585.64990234375,1243.0
2020-08-24 12:00:00,2590.10009765625,2595.0,2578.0,2578.050048828125,252.0
2020-08-24 12:05:00,2578.050048828125,2583.75,2560.800048828125,2560.949951171875,381.0
2020-08-24 12:10:00,2560.0,2576.0,2520.0,2559.550048828125,613.0
2020-08-24 12:15:00,2566.300048828125,2566.300048828125,2553.64990234375,2560.75,70.0
2020-08-24 12:20:00,2553.800048828125,2553.800048828125,2545.35009765625,2547.300048828125,113.0
2020-08-24 12:25:00,2547.35009765625,2556.64990234375,2540.0,2540.0,55.0
2020-08-24 12:30:00,2556.0,2557.0,2539.39990234375,2550.60009765625,77.0
2020-08-24 12:35:00,2554.699951171875,2557.0,2542.25,2557.0,137.0
2020-08-24 12:40:00,2544.199951171875,2553.60009765625,2531.0,2542.10009765625,165.0
2020-08-24 12:45:00,2531.949951171875,2535.25,2530.89990234375,2530.89990234375,64.0
2020-08-24 12:50:00,2530.14990234375,2538.85009765625,2525.300048828125,2530.449951171875,318.0
2020-08-24 12:55:00,2542.5,2546.800048828125,2532.199951171875,2536.5,21.0
2020-08-24 13:00:00,2541.449951171875,2550.199951171875,2541.449951171875,2541.449951171875,152.0
2020-08-24 13:05:00,2542.050048828125,2550.300048828125,2542.0,2550.0,113.0
2020-08-24 13:10:00,2550.0,2554.5,2546.300048828125,2548.0,31.0
2020-08-24 13:15:00,2545.0,2547.89990234375,2541.449951171875,2547.5,72.0
2020-08-24 13:20:00,2542.300048828125,2542.300048828125,2538.0,2538.0,29.0
2020-08-24 13:25:00,2546.5,2546.5,2538.199951171875,2540.10009765625,22.0
2020-08-24 13:30:00,2545.64990234375,2549.449951171875,2545.64990234375,2549.449951171875,4.0
2020-08-24 13:35:00,2548.75,2548.75,2544.10009765625,2548.199951171875,5.0
2020-08-24 13:40:00,2543.14990234375,2556.25,2542.39990234375,2550.050048828125,205.0
2020-08-24 13:45:00,2550.0,2550.050048828125,2550.0,2550.050048828125,9.0
2020-08-24 13:50:00,2553.800048828125,2555.0,2550.14990234375,2554.10009765625,70.0
2020-08-24 13:55:00,2558.449951171875,2563.85009765625,2551.449951171875,2553.60009765625,35.0
2020-08-24 14:00:00,2561.949951171875,2561.949951171875,2553.050048828125,2553.050048828125,10.0
2020-08-24 14:05:00,2553.0,2553.0,2550.050048828125,2550.050048828125,44.0
2020-08-24 14:10:00,2552.89990234375,2560.0,2552.89990234375,2556.5,83.0
2020-08-24 14:15:00,2557.199951171875,2558.800048828125,2555.050048828125,2555.25,24.0
2020-08-24 14:20:00,2554.050048828125,2554.050048828125,2551.64990234375,2552.550048828125,73.0
2020-08-24 14:25:00,2550.949951171875,2554.0,2550.10009765625,2550.85009765625,97.0
2020-08-24 14:30:00,2550.85009765625,2550.85009765625,2545.050048828125,2548.449951171875,70.0
2020-08-24 14:35:00,2545.0,2561.25,2539.5,2546.25,520.0
2020-08-24 14:40:00,2543.10009765625,2559.85009765625,2543.10009765625,2545.75,84.0
2020-08-24 14:45:00,2558.050048828125,2558.050048828125,2548.300048828125,2550.0,71.0
2020-08-24 14:50:00,2552.10009765625,2558.0,2552.10009765625,2553.300048828125,138.0
2020-08-24 14:55:00,2559.949951171875,2561.25,2546.0,2561.199951171875,260.0
2020-08-24 15:00:00,2561.050048828125,2561.699951171875,2549.0,2549.0,272.0
2020-08-24 15:05:00,2546.0,2546.0,2501.550048828125,2510.0,1200.0
2020-08-24 15:10:00,2510.050048828125,2520.050048828125,2505.199951171875,2505.35009765625,44.0
2020-08-24 15:15:00,2515.0,2515.0,2471.14990234375,2484.300048828125,859.0
2020-08-24 15:20:00,2484.300048828125,2498.300048828125,2450.050048828125,2460.0,981.0
2020-08-24 15:25:00,2460.0,2497.5,2450.0,2497.5,488.0
2020-08-25 09:15:00,2497.5,2524.0,2497.5,2524.0,0.0
2020-08-25 09:20:00,2512.0,2520.35009765625,2511.449951171875,2518.75,153.0
2020-08-25 09:25:00,2518.75,2518.75,2510.0,2511.64990234375,193.0
2020-08-25 09:30:00,2511.5,2519.0,2510.0,2519.0,279.0
2020-08-25 09:35:00,2519.0,2527.0,2518.800048828125,2527.0,178.0
2020-08-25 09:40:00,2518.800048828125,2521.949951171875,2516.0,2521.949951171875,50.0
2020-08-25 09:45:00,2517.300048828125,2517.85009765625,2515.10009765625,2515.10009765625,66.0
2020-08-25 09:50:00,2515.050048828125,2524.14990234375,2515.050048828125,2524.14990234375,35.0
2020-08-25 09:55:00,2524.60009765625,2524.60009765625,2517.35009765625,2522.949951171875,36.0
2020-08-25 10:00:00,2517.0,2522.85009765625,2517.0,2522.800048828125,85.0
2020-08-25 10:05:00,2522.5,2525.10009765625,2519.10009765625,2525.10009765625,41.0
2020-08-25 10:10:00,2520.14990234375,2524.550048828125,2520.14990234375,2524.550048828125,24.0
2020-08-25 10:15:00,2524.699951171875,2526.0,2524.60009765625,2524.60009765625,52.0
2020-08-25 10:20:00,2520.050048828125,2527.0,2520.050048828125,2527.0,33.0
2020-08-25 10:25:00,2527.0,2527.0,2525.0,2527.0,25.0
2020-08-25 10:30:00,2525.0,2525.0,2516.050048828125,2516.050048828125,201.0
2020-08-25 10:35:00,2516.050048828125,2518.949951171875,2516.050048828125,2516.050048828125,7.0
2020-08-25 10:40:00,2516.0,2516.0,2512.0,2512.0,76.0
2020-08-25 10:45:00,2510.0,2510.050048828125,2490.0,2494.85009765625,529.0
2020-08-25 10:50:00,2490.0,2499.60009765625,2456.35009765625,2479.39990234375,162.0
2020-08-25 10:55:00,2473.60009765625,2474.39990234375,2462.10009765625,2473.64990234375,42.0
2020-08-25 11:00:00,2474.5,2475.0,2464.89990234375,2465.0,31.0
2020-08-25 11:05:00,2469.75,2469.89990234375,2465.0,2469.5,70.0
2020-08-25 11:10:00,2469.5,2469.5,2469.5,2469.5,2.0
2020-08-25 11:15:00,2469.5,2469.89990234375,2465.0,2469.89990234375,23.0
2020-08-25 11:20:00,2465.0,2468.0,2460.050048828125,2467.0,23.0
2020-08-25 11:25:00,2467.0,2467.0,2460.10009765625,2460.14990234375,19.0
2020-08-25 11:30:00,2466.0,2466.0,2466.0,2466.0,24.0
2020-08-25 11:35:00,2466.0,2466.0,2466.0,2466.0,21.0
2020-08-25 11:40:00,2459.949951171875,2460.0,2452.300048828125,2452.300048828125,221.0
2020-08-25 11:45:00,2459.60009765625,2459.60009765625,2452.14990234375,2452.14990234375,69.0
2020-08-25 11:50:00,2453.0,2453.0,2446.0,2450.0,251.0
2020-08-25 11:55:00,2450.0,2456.0,2450.0,2456.0,35.0
2020-08-25 12:00:00,2447.449951171875,2459.14990234375,2447.449951171875,2450.050048828125,20.0
2020-08-25 12:05:00,2458.5,2458.5,2458.5,2458.5,3.0
2020-08-25 12:10:00,2452.199951171875,2459.14990234375,2452.050048828125,2459.14990234375,33.0
2020-08-25 12:15:00,2452.35009765625,2456.050048828125,2452.35009765625,2456.050048828125,12.0
2020-08-25 12:20:00,2457.10009765625,2457.10009765625,2457.10009765625,2457.10009765625,1.0
2020-08-25 12:25:00,2458.0,2458.300048828125,2458.0,2458.300048828125,5.0
2020-08-25 12:30:00,2457.0,2458.25,2457.0,2458.25,35.0
2020-08-25 12:35:00,2458.300048828125,2458.300048828125,2458.300048828125,2458.300048828125,0.0
2020-08-25 12:40:00,2458.300048828125,2460.0,2458.300048828125,2460.0,60.0
2020-08-25 12:45:00,2459.949951171875,2460.0,2459.949951171875,2460.0,58.0
2020-08-25 12:50:00,2460.0,2460.0,2460.0,2460.0,5.0
2020-08-25 12:55:00,2460.0,2467.949951171875,2460.0,2465.0,464.0
2020-08-25 13:00:00,2465.0,2465.0,2465.0,2465.0,0.0
2020-08-25 13:05:00,2468.85009765625,2468.85009765625,2468.85009765625,2468.85009765625,3.0
2020-08-25 13:10:00,2468.800048828125,2468.800048828125,2458.300048828125,2458.300048828125,68.0
2020-08-25 13:15:00,2458.300048828125,2466.39990234375,2458.300048828125,2466.39990234375,9.0
2020-08-25 13:25:00,2458.550048828125,2468.89990234375,2458.550048828125,2468.89990234375,58.0
2020-08-25 13:30:00,2468.5,2468.5,2460.0,2467.800048828125,13.0
2020-08-25 13:35:00,2467.85009765625,2467.85009765625,2456.64990234375,2456.64990234375,16.0
2020-08-25 13:40:00,2466.949951171875,2466.949951171875,2466.949951171875,2466.949951171875,4.0
2020-08-25 13:45:00,2456.5,2468.0,2456.5,2468.0,22.0
2020-08-25 13:55:00,2467.800048828125,2467.85009765625,2467.800048828125,2467.85009765625,9.0
2020-08-25 14:00:00,2468.0,2468.0,2468.0,2468.0,45.0
2020-08-25 14:05:00,2467.85009765625,2467.85009765625,2460.050048828125,2460.050048828125,0.0
2020-08-25 14:10:00,2460.050048828125,2460.050048828125,2453.050048828125,2453.050048828125,168.0
2020-08-25 14:15:00,2448.10009765625,2450.0,2446.0,2449.699951171875,262.0
2020-08-25 14:25:00,2446.0,2446.0,2446.0,2446.0,10.0
2020-08-25 14:30:00,2448.949951171875,2449.0,2446.0,2449.0,39.0
2020-08-25 14:35:00,2449.64990234375,2450.0,2445.0,2450.0,403.0
2020-08-25 14:40:00,2447.050048828125,2453.300048828125,2446.0,2451.199951171875,139.0
2020-08-25 14:45:00,2446.25,2457.800048828125,2446.25,2453.300048828125,38.0
2020-08-25 14:50:00,2449.0,2460.60009765625,2446.0,2452.699951171875,130.0
2020-08-25 14:55:00,2452.699951171875,2452.699951171875,2450.0,2450.0,33.0
2020-08-25 15:00:00,2450.0,2459.800048828125,2450.0,2459.800048828125,160.0
2020-08-25 15:05:00,2456.199951171875,2518.949951171875,2452.0,2513.050048828125,915.0
2020-08-25 15:10:00,2518.89990234375,2518.89990234375,2482.300048828125,2496.449951171875,393.0
2020-08-25 15:15:00,2497.39990234375,2502.35009765625,2491.0,2502.35009765625,199.0
2020-08-25 15:20:00,2491.10009765625,2510.0,2491.0,2510.0,33.0
2020-08-25 15:25:00,2504.0,2518.39990234375,2489.89990234375,2489.89990234375,77.0
2020-08-26 09:15:00,2489.0,2489.0,2489.0,2489.0,0.0
2020-08-26 09:20:00,2488.64990234375,2488.64990234375,2488.64990234375,2488.64990234375,0.0
2020-08-26 09:30:00,2488.300048828125,2488.300048828125,2484.050048828125,2484.050048828125,10.0
2020-08-26 09:35:00,2485.0,2485.0,2485.0,2485.0,2.0
2020-08-26 09:40:00,2488.300048828125,2488.5,2488.300048828125,2488.5,8.0
2020-08-26 09:45:00,2489.0,2498.64990234375,2489.0,2498.64990234375,21.0
2020-08-26 09:50:00,2497.949951171875,2497.949951171875,2497.949951171875,2497.949951171875,9.0
2020-08-26 09:55:00,2498.0,2501.85009765625,2496.050048828125,2501.85009765625,18.0
2020-08-26 10:00:00,2492.60009765625,2499.949951171875,2492.60009765625,2499.949951171875,5.0
2020-08-26 10:05:00,2500.0,2500.0,2500.0,2500.0,2.0
2020-08-26 10:10:00,2500.0,2502.0,2493.050048828125,2493.050048828125,39.0
2020-08-26 10:15:00,2505.0,2515.949951171875,2505.0,2515.949951171875,84.0
2020-08-26 10:20:00,2515.949951171875,2516.0,2508.10009765625,2508.10009765625,20.0
2020-08-26 10:25:00,2509.949951171875,2510.0,2505.050048828125,2505.14990234375,31.0
2020-08-26 10:30:00,2507.949951171875,2510.89990234375,2505.0,2510.85009765625,11.0
2020-08-26 10:35:00,2505.0,2513.949951171875,2505.0,2506.0,56.0
2020-08-26 10:40:00,2505.050048828125,2513.14990234375,2504.0,2504.0,51.0
2020-08-26 10:45:00,2501.050048828125,2503.949951171875,2501.0,2501.0,41.0
2020-08-26 10:50:00,2508.699951171875,2508.699951171875,2493.050048828125,2493.050048828125,157.0
2020-08-26 10:55:00,2492.0,2492.0,2492.0,2492.0,82.0
2020-08-26 11:00:00,2491.949951171875,2491.949951171875,2491.949951171875,2491.949951171875,0.0
2020-08-26 11:05:00,2491.949951171875,2491.949951171875,2491.949951171875,2491.949951171875,2.0
2020-08-26 11:10:00,2491.0,2491.949951171875,2488.25,2490.0,35.0
2020-08-26 11:15:00,2490.0,2490.0,2490.0,2490.0,10.0
2020-08-26 11:25:00,2489.949951171875,2490.0,2489.949951171875,2490.0,9.0
2020-08-26 11:35:00,2490.0,2490.0,2490.0,2490.0,9.0
2020-08-26 11:40:00,2484.10009765625,2484.10009765625,2484.10009765625,2484.10009765625,9.0
2020-08-26 11:45:00,2490.0,2490.0,2490.0,2490.0,18.0
2020-08-26 11:50:00,2482.60009765625,2482.60009765625,2482.60009765625,2482.60009765625,0.0
2020-08-26 11:55:00,2490.0,2492.0,2490.0,2492.0,52.0
2020-08-26 12:05:00,2492.0,2492.0,2492.0,2492.0,4.0
2020-08-26 12:10:00,2492.050048828125,2492.050048828125,2492.050048828125,2492.050048828125,0.0
2020-08-26 12:40:00,2497.949951171875,2497.949951171875,2497.949951171875,2497.949951171875,2.0
2020-08-26 12:45:00,2498.0,2498.0,2498.0,2498.0,3.0
2020-08-26 12:50:00,2500.0,2500.0,2500.0,2500.0,52.0
2020-08-26 12:55:00,2500.0,2500.0,2500.0,2500.0,66.0
2020-08-26 13:05:00,2500.0,2500.0,2497.050048828125,2497.050048828125,0.0
2020-08-26 13:15:00,2500.0,2500.0,2497.0,2497.0,4.0
2020-08-26 13:20:00,2493.85009765625,2500.0,2493.85009765625,2500.0,56.0
2020-08-26 13:30:00,2500.0,2500.0,2499.949951171875,2499.949951171875,20.0
2020-08-26 13:35:00,2499.949951171875,2499.949951171875,2493.10009765625,2493.10009765625,0.0
2020-08-26 13:40:00,2499.75,2499.75,2487.050048828125,2487.050048828125,56.0
2020-08-26 13:45:00,2487.25,2487.25,2487.25,2487.25,33.0
2020-08-26 13:50:00,2485.60009765625,2485.60009765625,2482.050048828125,2484.0,35.0
2020-08-26 13:55:00,2485.60009765625,2485.60009765625,2484.050048828125,2484.050048828125,4.0
2020-08-26 14:00:00,2484.050048828125,2484.050048828125,2484.050048828125,2484.050048828125,58.0
2020-08-26 14:10:00,2489.0,2489.0,2485.050048828125,2485.050048828125,6.0
2020-08-26 14:20:00,2485.5,2485.5,2485.5,2485.5,10.0
2020-08-26 14:30:00,2491.39990234375,2491.39990234375,2491.39990234375,2491.39990234375,7.0
2020-08-26 14:35:00,2495.0,2500.0,2491.550048828125,2491.550048828125,47.0
2020-08-26 14:45:00,2492.0,2492.0,2491.0,2491.0,102.0
2020-08-26 14:55:00,2490.050048828125,2490.050048828125,2484.0,2484.0,55.0
2020-08-26 15:00:00,2484.0,2498.0,2482.0,2498.0,56.0
2020-08-26 15:05:00,2498.0,2498.0,2495.0,2497.949951171875,33.0
2020-08-26 15:10:00,2494.949951171875,2494.949951171875,2494.949951171875,2494.949951171875,2.0
2020-08-26 15:15:00,2494.949951171875,2495.949951171875,2491.0,2495.949951171875,174.0
2020-08-26 15:20:00,2491.89990234375,2497.25,2491.89990234375,2492.25,11.0
2020-08-26 15:25:00,2492.25,2492.25,2491.0,2491.89990234375,218.0
2020-08-27 09:15:00,2600.0,2620.0,2525.050048828125,2550.0,0.0
2020-08-27 09:20:00,2549.75,2556.0,2539.949951171875,2556.0,366.0
2020-08-27 09:25:00,2564.0,2569.0,2546.0,2554.60009765625,331.0
2020-08-27 09:30:00,2546.14990234375,2566.0,2542.0,2565.0,197.0
2020-08-27 09:35:00,2568.699951171875,2569.0,2556.0,2556.0,60.0
2020-08-27 09:40:00,2547.64990234375,2548.75,2543.10009765625,2543.10009765625,148.0
2020-08-27 09:45:00,2544.0,2549.449951171875,2544.0,2549.35009765625,30.0
2020-08-27 09:50:00,2549.300048828125,2549.300048828125,2544.0,2545.0,102.0
2020-08-27 09:55:00,2545.0,2545.0,2544.0,2544.0,11.0
2020-08-27 10:00:00,2544.0,2563.550048828125,2544.0,2554.0,669.0
2020-08-27 10:05:00,2551.800048828125,2551.800048828125,2550.0,2550.0,203.0
2020-08-27 10:10:00,2550.0,2560.0,2542.949951171875,2550.699951171875,122.0
2020-08-27 10:15:00,2550.050048828125,2555.89990234375,2550.0,2555.60009765625,105.0
2020-08-27 10:20:00,2550.0,2551.199951171875,2550.0,2551.199951171875,44.0
2020-08-27 10:25:00,2550.0,2551.199951171875,2550.0,2550.0,179.0
2020-08-27 10:30:00,2549.949951171875,2549.949951171875,2548.10009765625,2548.10009765625,0.0
2020-08-27 10:35:00,2546.0,2550.050048828125,2531.14990234375,2547.35009765625,890.0
2020-08-27 10:40:00,2550.0,2559.89990234375,2550.0,2559.89990234375,212.0
2020-08-27 10:45:00,2550.0,2550.0,2544.0,2544.0,60.0
2020-08-27 10:50:00,2543.949951171875,2544.0,2537.050048828125,2537.050048828125,80.0
2020-08-27 10:55:00,2543.14990234375,2549.949951171875,2543.14990234375,2546.35009765625,101.0
2020-08-27 11:00:00,2548.5,2549.89990234375,2548.5,2549.89990234375,116.0
2020-08-27 11:05:00,2542.60009765625,2557.0,2540.050048828125,2550.0,30950.0
2020-08-27 11:10:00,2550.0,2554.949951171875,2547.14990234375,2547.14990234375,457.0
2020-08-27 11:15:00,2554.0,2554.949951171875,2550.0,2550.050048828125,93.0
2020-08-27 11:20:00,2550.050048828125,2552.89990234375,2546.64990234375,2552.89990234375,256.0
2020-08-27 11:25:00,2550.0,2552.949951171875,2548.5,2548.5,207.0
2020-08-27 11:30:00,2548.050048828125,2565.0,2548.050048828125,2565.0,155.0
2020-08-27 11:35:00,2568.0,2568.0,2561.0,2561.0,92.0
2020-08-27 11:40:00,2561.0,2561.0,2561.0,2561.0,5.0
2020-08-27 11:45:00,2561.0,2562.949951171875,2550.0,2550.0,191.0
2020-08-27 11:50:00,2550.0,2560.0,2540.0,2560.0,666.0
2020-08-27 11:55:00,2550.10009765625,2562.949951171875,2550.10009765625,2560.0,583.0
2020-08-27 12:00:00,2560.0,2560.0,2547.89990234375,2549.949951171875,91.0
2020-08-27 12:05:00,2549.949951171875,2553.0,2542.050048828125,2550.050048828125,3234.0
2020-08-27 12:10:00,2560.89990234375,2560.89990234375,2545.89990234375,2551.89990234375,0.0
2020-08-27 12:15:00,2545.89990234375,2551.89990234375,2540.300048828125,2551.89990234375,92.0
2020-08-27 12:20:00,2550.050048828125,2553.0,2542.0,2551.0,976.0
2020-08-27 12:25:00,2550.949951171875,2562.199951171875,2548.85009765625,2555.85009765625,983.0
2020-08-27 12:30:00,2543.10009765625,2554.39990234375,2543.10009765625,2550.10009765625,305.0
2020-08-27 12:35:00,2555.0,2559.0,2555.0,2559.0,271.0
2020-08-27 12:40:00,2559.0,2559.0,2551.949951171875,2551.949951171875,0.0
2020-08-27 12:45:00,2557.75,2561.0,2557.75,2561.0,100.0
2020-08-27 12:50:00,2561.0,2562.0,2561.0,2561.0,56.0
2020-08-27 12:55:00,2557.949951171875,2561.0,2551.85009765625,2560.0,33.0
2020-08-27 13:00:00,2560.0,2560.0,2552.10009765625,2560.0,88.0
2020-08-27 13:05:00,2560.0,2560.0,2551.85009765625,2559.800048828125,83.0
2020-08-27 13:10:00,2559.800048828125,2560.0,2553.0,2559.89990234375,246.0
2020-08-27 13:15:00,2559.75,2560.0,2553.0,2559.75,65.0
2020-08-27 13:20:00,2559.75,2560.0,2553.14990234375,2560.0,55.0
2020-08-27 13:25:00,2560.0,2590.0,2554.550048828125,2590.0,345.0
2020-08-27 13:30:00,2584.89990234375,2595.0,2563.60009765625,2574.89990234375,342.0
2020-08-27 13:35:00,2574.89990234375,2574.89990234375,2567.35009765625,2570.0,83.0
2020-08-27 13:40:00,2570.0,2574.89990234375,2568.0,2574.89990234375,145.0
2020-08-27 13:45:00,2574.89990234375,2582.25,2571.050048828125,2582.25,126.0
2020-08-27 13:50:00,2584.14990234375,2594.0,2579.0,2591.5,203.0
2020-08-27 13:55:00,2595.0,2596.60009765625,2587.75,2592.25,117.0
2020-08-27 14:00:00,2591.5,2597.0,2591.5,2594.0,186.0
2020-08-27 14:05:00,2594.60009765625,2598.0,2585.300048828125,2595.0,122.0
2020-08-27 14:10:00,2586.0,2594.050048828125,2586.0,2593.89990234375,369.0
2020-08-27 14:15:00,2592.64990234375,2593.0,2587.5,2591.5,147.0
2020-08-27 14:20:00,2591.5,2591.800048828125,2587.5,2591.800048828125,68.0
2020-08-27 14:25:00,2593.0,2594.5,2590.050048828125,2594.0,118.0
2020-08-27 14:30:00,2594.0,2594.5,2591.0,2594.0,86.0
2020-08-27 14:35:00,2591.75,2594.0,2591.39990234375,2594.0,56.0
2020-08-27 14:40:00,2594.0,2594.0,2591.0,2594.0,76.0
2020-08-27 14:45:00,2594.0,2595.0,2591.35009765625,2594.0,75.0
2020-08-27 14:50:00,2594.0,2600.0,2591.199951171875,2595.050048828125,251.0
2020-08-27 14:55:00,2597.89990234375,2598.0,2589.800048828125,2593.60009765625,73.0
2020-08-27 15:00:00,2595.0,2600.0,2593.300048828125,2594.550048828125,143.0
2020-08-27 15:05:00,2595.0,2599.199951171875,2595.0,2595.0,48.0
2020-08-27 15:10:00,2595.75,2599.949951171875,2564.89990234375,2567.60009765625,356.0
2020-08-27 15:15:00,2561.550048828125,2570.0,2560.0,2570.0,235.0
2020-08-27 15:20:00,2570.0,2570.0,2562.050048828125,2562.25,249.0
2020-08-27 15:25:00,2562.10009765625,2572.550048828125,2550.0,2572.550048828125,296.0
2020-08-28 09:15:00,2580.0,2619.699951171875,2580.0,2610.0,0.0
2020-08-28 09:20:00,2605.10009765625,2640.0,2605.10009765625,2615.0,526.0
2020-08-28 09:25:00,2621.0,2622.0,2612.14990234375,2612.14990234375,66.0
2020-08-28 09:30:00,2612.10009765625,2612.10009765625,2592.60009765625,2599.550048828125,160.0
2020-08-28 09:35:00,2595.85009765625,2595.85009765625,2584.449951171875,2584.449951171875,212.0
2020-08-28 09:40:00,2592.0,2607.60009765625,2592.0,2607.60009765625,34.0
2020-08-28 09:45:00,2600.14990234375,2600.800048828125,2600.0,2600.0,90.0
2020-08-28 09:50:00,2603.949951171875,2603.949951171875,2585.0,2585.050048828125,135.0
2020-08-28 09:55:00,2585.60009765625,2585.64990234375,2585.60009765625,2585.64990234375,1.0
2020-08-28 10:00:00,2595.39990234375,2620.0,2595.39990234375,2620.0,196.0
2020-08-28 10:05:00,2620.0,2635.0,2620.0,2633.050048828125,150.0
2020-08-28 10:10:00,2636.0,2638.89990234375,2626.199951171875,2626.199951171875,153.0
2020-08-28 10:15:00,2625.0,2630.0,2625.0,2630.0,208.0
2020-08-28 10:20:00,2630.0,2635.0,2625.0,2625.0,108.0
2020-08-28 10:25:00,2625.0,2625.0,2625.0,2625.0,347.0
2020-08-28 10:30:00,2625.0,2625.0,2625.0,2625.0,62.0
2020-08-28 10:35:00,2625.0,2625.0,2625.0,2625.0,52.0
2020-08-28 10:40:00,2630.0,2633.89990234375,2630.0,2630.0,68.0
2020-08-28 10:45:00,2632.0,2632.0,2625.10009765625,2625.10009765625,34.0
2020-08-28 10:50:00,2625.050048828125,2625.050048828125,2625.050048828125,2625.050048828125,23.0
2020-08-28 10:55:00,2625.050048828125,2625.050048828125,2625.0,2625.0,105.0
2020-08-28 11:00:00,2632.10009765625,2632.10009765625,2632.10009765625,2632.10009765625,28.0
2020-08-28 11:05:00,2625.050048828125,2625.050048828125,2625.050048828125,2625.050048828125,5.0
2020-08-28 11:10:00,2625.10009765625,2625.10009765625,2625.050048828125,2625.050048828125,3.0
2020-08-28 11:15:00,2625.050048828125,2633.0,2625.0,2633.0,43.0
2020-08-28 11:20:00,2625.199951171875,2625.300048828125,2625.050048828125,2625.050048828125,38.0
2020-08-28 11:25:00,2632.050048828125,2632.050048828125,2625.10009765625,2625.10009765625,13.0
2020-08-28 11:30:00,2633.949951171875,2633.949951171875,2625.10009765625,2625.25,73.0
2020-08-28 11:35:00,2625.300048828125,2625.35009765625,2625.300048828125,2625.35009765625,114.0
2020-08-28 11:40:00,2625.39990234375,2630.5,2625.0,2629.64990234375,464.0
2020-08-28 11:45:00,2625.0,2625.0,2625.0,2625.0,17.0
2020-08-28 11:50:00,2625.0,2628.949951171875,2625.0,2625.0,55.0
2020-08-28 11:55:00,2625.0,2625.0,2625.0,2625.0,0.0
2020-08-28 12:00:00,2625.0,2625.0,2625.0,2625.0,70.0
2020-08-28 12:05:00,2625.0,2625.0,2625.0,2625.0,2.0
2020-08-28 12:10:00,2625.0,2627.75,2625.0,2625.0,26.0
2020-08-28 12:15:00,2625.0,2625.0,2625.0,2625.0,26.0
2020-08-28 12:20:00,2621.800048828125,2621.800048828125,2604.0,2604.0,412.0
2020-08-28 12:25:00,2600.0,2603.0,2600.0,2600.0,31.0
2020-08-28 12:35:00,2603.949951171875,2603.949951171875,2603.949951171875,2603.949951171875,8.0
2020-08-28 12:40:00,2600.0,2603.949951171875,2600.0,2603.949951171875,43.0
2020-08-28 12:45:00,2600.0,2600.0,2595.0,2595.0,14.0
2020-08-28 12:50:00,2595.0,2595.0,2595.0,2595.0,2.0
2020-08-28 12:55:00,2591.0,2595.0,2586.449951171875,2589.949951171875,178.0
2020-08-28 13:05:00,2588.89990234375,2588.89990234375,2585.14990234375,2585.14990234375,56.0
2020-08-28 13:10:00,2585.050048828125,2585.050048828125,2580.050048828125,2580.050048828125,9.0
2020-08-28 13:20:00,2580.14990234375,2580.14990234375,2580.14990234375,2580.14990234375,10.0
2020-08-28 13:35:00,2583.0,2583.0,2583.0,2583.0,22.0
2020-08-28 13:40:00,2583.10009765625,2587.550048828125,2583.10009765625,2587.10009765625,27.0
2020-08-28 13:45:00,2587.0,2590.0,2587.0,2590.0,55.0
2020-08-28 13:50:00,2593.64990234375,2599.699951171875,2593.64990234375,2599.699951171875,165.0
2020-08-28 13:55:00,2590.5,2598.050048828125,2590.5,2598.050048828125,0.0
2020-08-28 14:10:00,2590.800048828125,2590.85009765625,2590.800048828125,2590.85009765625,13.0
2020-08-28 14:15:00,2590.550048828125,2598.050048828125,2590.550048828125,2598.050048828125,16.0
2020-08-28 14:20:00,2583.39990234375,2583.550048828125,2583.39990234375,2583.550048828125,29.0
2020-08-28 14:25:00,2594.949951171875,2598.449951171875,2594.800048828125,2598.449951171875,40.0
2020-08-28 14:30:00,2598.5,2599.0,2598.5,2599.0,33.0
2020-08-28 14:35:00,2592.699951171875,2592.699951171875,2592.699951171875,2592.699951171875,0.0
2020-08-28 14:40:00,2590.800048828125,2592.14990234375,2590.800048828125,2592.14990234375,6.0
2020-08-28 14:45:00,2596.0,2596.0,2592.050048828125,2592.050048828125,2.0
2020-08-28 14:50:00,2592.050048828125,2592.10009765625,2592.0,2592.10009765625,17.0
2020-08-28 14:55:00,2591.800048828125,2591.800048828125,2591.800048828125,2591.800048828125,0.0
2020-08-28 15:00:00,2598.5,2598.5,2592.10009765625,2592.10009765625,30.0
2020-08-28 15:10:00,2596.39990234375,2598.300048828125,2581.60009765625,2581.60009765625,78.0
2020-08-28 15:15:00,2585.14990234375,2589.949951171875,2560.0,2561.050048828125,225.0
2020-08-28 15:20:00,2561.050048828125,2570.89990234375,2550.0,2550.199951171875,142.0
2020-08-28 15:25:00,2554.949951171875,2598.0,2535.0,2567.449951171875,241.0
2020-08-31 09:15:00,2567.449951171875,2567.60009765625,2532.800048828125,2555.60009765625,0.0
2020-08-31 09:20:00,2556.0,2556.0,2542.0,2542.0,41.0
2020-08-31 09:25:00,2542.75,2542.75,2541.949951171875,2542.0,60.0
2020-08-31 09:30:00,2542.0,2542.75,2536.0,2542.0,26.0
2020-08-31 09:35:00,2536.300048828125,2542.0,2526.949951171875,2527.050048828125,141.0
2020-08-31 09:40:00,2536.75,2540.0,2531.0,2536.949951171875,73.0
2020-08-31 09:45:00,2537.0,2537.0,2519.949951171875,2520.0,84.0
2020-08-31 09:50:00,2520.0,2520.0,2510.10009765625,2515.0,154.0
2020-08-31 09:55:00,2514.89990234375,2534.5,2510.10009765625,2534.449951171875,412.0
2020-08-31 10:00:00,2533.0,2533.0,2522.85009765625,2529.39990234375,83.0
2020-08-31 10:05:00,2528.0,2528.0,2519.949951171875,2519.949951171875,19.0
2020-08-31 10:10:00,2499.949951171875,2500.0,2494.0,2499.89990234375,499.0
2020-08-31 10:15:00,2499.89990234375,2499.89990234375,2490.0,2494.14990234375,175.0
2020-08-31 10:20:00,2495.0,2497.699951171875,2489.89990234375,2492.949951171875,100.0
2020-08-31 10:25:00,2492.949951171875,2519.25,2492.949951171875,2519.199951171875,351.0
2020-08-31 10:30:00,2502.0,2513.14990234375,2501.0,2501.0,18.0
2020-08-31 10:35:00,2513.10009765625,2513.10009765625,2505.14990234375,2505.14990234375,8.0
2020-08-31 10:40:00,2519.0,2519.0,2506.050048828125,2519.0,73.0
2020-08-31 10:45:00,2512.449951171875,2512.449951171875,2510.5,2510.5,4.0
2020-08-31 10:50:00,2507.14990234375,2507.14990234375,2505.14990234375,2505.14990234375,13.0
2020-08-31 10:55:00,2501.10009765625,2510.10009765625,2500.0,2507.89990234375,612.0
2020-08-31 11:00:00,2509.0,2510.0,2500.0,2509.699951171875,497.0
2020-08-31 11:05:00,2509.0,2509.0,2508.89990234375,2508.89990234375,46.0
2020-08-31 11:10:00,2508.89990234375,2508.89990234375,2508.89990234375,2508.89990234375,0.0
2020-08-31 11:15:00,2501.0,2508.89990234375,2500.0,2504.199951171875,84.0
2020-08-31 11:20:00,2498.550048828125,2504.89990234375,2498.550048828125,2500.0,15.0
2020-08-31 11:25:00,2500.0,2504.89990234375,2495.0,2503.0,126.0
2020-08-31 11:30:00,2495.10009765625,2504.199951171875,2470.10009765625,2470.10009765625,399.0
2020-08-31 11:35:00,2470.14990234375,2492.10009765625,2470.10009765625,2473.14990234375,51.0
2020-08-31 11:40:00,2473.14990234375,2499.0,2473.14990234375,2499.0,47.0
2020-08-31 11:45:00,2477.050048828125,2477.75,2477.050048828125,2477.050048828125,10.0
2020-08-31 11:50:00,2473.14990234375,2488.949951171875,2473.14990234375,2488.949951171875,16.0
2020-08-31 11:55:00,2489.0,2498.60009765625,2473.14990234375,2473.14990234375,108.0
2020-08-31 12:00:00,2475.0,2498.800048828125,2475.0,2496.699951171875,44.0
2020-08-31 12:05:00,2481.0,2497.0,2481.0,2481.0,98.0
2020-08-31 12:10:00,2493.949951171875,2494.0,2493.949951171875,2494.0,65.0
2020-08-31 12:15:00,2494.0,2494.0,2485.25,2492.949951171875,0.0
2020-08-31 12:20:00,2492.949951171875,2520.800048828125,2485.300048828125,2520.800048828125,166.0
2020-08-31 12:25:00,2516.949951171875,2516.949951171875,2516.85009765625,2516.85009765625,7.0
2020-08-31 12:30:00,2516.0,2524.0,2516.0,2523.949951171875,91.0
2020-08-31 12:35:00,2518.199951171875,2523.5,2480.0,2480.0,510.0
2020-08-31 12:40:00,2490.39990234375,2497.75,2490.39990234375,2497.75,25.0
2020-08-31 12:45:00,2485.449951171875,2485.449951171875,2480.550048828125,2480.550048828125,3.0
2020-08-31 12:50:00,2491.0,2491.0,2491.0,2491.0,1.0
2020-08-31 12:55:00,2491.050048828125,2494.550048828125,2482.050048828125,2482.050048828125,70.0
2020-08-31 13:00:00,2480.0,2486.5,2477.300048828125,2477.300048828125,22.0
2020-08-31 13:05:00,2477.199951171875,2508.39990234375,2477.199951171875,2500.050048828125,136.0
2020-08-31 13:10:00,2507.0,2507.0,2480.0,2480.0,62.0
2020-08-31 13:15:00,2480.0,2480.0,2476.89990234375,2476.89990234375,8.0
2020-08-31 13:20:00,2469.89990234375,2493.550048828125,2469.89990234375,2472.5,72.0
2020-08-31 13:25:00,2475.199951171875,2482.25,2473.10009765625,2473.10009765625,22.0
2020-08-31 13:30:00,2477.25,2484.199951171875,2477.25,2484.199951171875,2.0
2020-08-31 13:35:00,2460.199951171875,2460.199951171875,2460.199951171875,2460.199951171875,17.0
2020-08-31 13:40:00,2471.89990234375,2474.14990234375,2450.0,2465.14990234375,162.0
2020-08-31 13:45:00,2459.300048828125,2484.0,2442.449951171875,2442.449951171875,266.0
2020-08-31 13:50:00,2442.449951171875,2447.300048828125,2427.0,2432.5,176.0
2020-08-31 13:55:00,2460.800048828125,2460.800048828125,2429.300048828125,2430.0,119.0
2020-08-31 14:00:00,2436.35009765625,2461.300048828125,2430.050048828125,2450.0,80.0
2020-08-31 14:05:00,2444.89990234375,2468.5,2444.89990234375,2456.89990234375,35.0
2020-08-31 14:10:00,2459.949951171875,2474.0,2457.949951171875,2474.0,18.0
2020-08-31 14:15:00,2474.199951171875,2474.199951171875,2450.0,2450.0,30.0
2020-08-31 14:20:00,2425.0,2461.300048828125,2425.0,2438.75,270.0
2020-08-31 14:25:00,2437.35009765625,2437.35009765625,2423.050048828125,2426.14990234375,24.0
2020-08-31 14:30:00,2429.35009765625,2449.949951171875,2426.25,2440.14990234375,55.0
2020-08-31 14:35:00,2448.949951171875,2448.949951171875,2440.199951171875,2440.199951171875,8.0
2020-08-31 14:40:00,2446.0,2446.0,2440.0,2445.0,56.0
2020-08-31 14:45:00,2440.199951171875,2447.949951171875,2440.199951171875,2447.949951171875,12.0
2020-08-31 14:50:00,2448.949951171875,2458.0,2448.949951171875,2458.0,120.0
2020-08-31 14:55:00,2450.0,2459.0,2450.0,2459.0,77.0
2020-08-31 15:00:00,2459.0,2483.949951171875,2452.300048828125,2482.0,88.0
2020-08-31 15:05:00,2481.64990234375,2484.0,2426.050048828125,2473.39990234375,152.0
2020-08-31 15:10:00,2470.0,2479.949951171875,2455.050048828125,2467.85009765625,25.0
2020-08-31 15:15:00,2472.449951171875,2484.0,2455.64990234375,2483.0,273.0
2020-08-31 15:20:00,2484.0,2484.0,2442.050048828125,2467.0,169.0
2020-08-31 15:25:00,2470.64990234375,2475.0,2440.0,2459.35009765625,0.0
2020-09-01 09:15:00,2395.199951171875,2455.75,2395.199951171875,2450.0,22.0
2020-09-01 09:20:00,2440.14990234375,2455.449951171875,2440.14990234375,2455.449951171875,17.0
2020-09-01 09:25:00,2455.25,2455.25,2448.0,2454.300048828125,5.0
2020-09-01 09:30:00,2457.300048828125,2460.0,2457.300048828125,2460.0,21.0
2020-09-01 09:35:00,2471.949951171875,2471.949951171875,2454.449951171875,2470.5,15.0
2020-09-01 09:40:00,2451.64990234375,2470.949951171875,2451.64990234375,2470.949951171875,9.0
2020-09-01 09:45:00,2459.89990234375,2477.89990234375,2449.85009765625,2469.10009765625,127.0
2020-09-01 09:50:00,2477.949951171875,2479.949951171875,2467.89990234375,2467.89990234375,19.0
2020-09-01 09:55:00,2467.89990234375,2505.449951171875,2467.85009765625,2505.449951171875,155.0
2020-09-01 10:00:00,2505.449951171875,2505.449951171875,2505.449951171875,2505.449951171875,1.0
2020-09-01 10:05:00,2508.0,2508.89990234375,2495.75,2497.0,18.0
2020-09-01 10:10:00,2497.0,2501.0,2497.0,2498.89990234375,34.0
2020-09-01 10:15:00,2498.800048828125,2498.800048828125,2498.800048828125,2498.800048828125,1.0
2020-09-01 10:20:00,2497.10009765625,2497.10009765625,2490.0,2490.0,9.0
2020-09-01 10:30:00,2492.39990234375,2492.39990234375,2481.050048828125,2481.050048828125,16.0
2020-09-01 10:35:00,2481.050048828125,2489.0,2481.050048828125,2489.0,94.0
2020-09-01 10:40:00,2488.949951171875,2488.949951171875,2488.949951171875,2488.949951171875,0.0
2020-09-01 10:45:00,2480.550048828125,2480.550048828125,2480.39990234375,2480.39990234375,9.0
2020-09-01 10:50:00,2480.35009765625,2480.35009765625,2480.35009765625,2480.35009765625,4.0
2020-09-01 10:55:00,2480.35009765625,2487.949951171875,2480.35009765625,2487.949951171875,9.0
2020-09-01 11:00:00,2478.050048828125,2489.0,2476.89990234375,2488.949951171875,67.0
2020-09-01 11:05:00,2485.64990234375,2486.10009765625,2485.64990234375,2486.10009765625,2.0
2020-09-01 11:10:00,2486.550048828125,2489.0,2486.10009765625,2488.949951171875,98.0
2020-09-01 11:15:00,2475.10009765625,2489.0,2475.10009765625,2486.0,96.0
2020-09-01 11:20:00,2475.050048828125,2484.64990234375,2475.050048828125,2484.64990234375,5.0
2020-09-01 11:25:00,2476.050048828125,2484.85009765625,2476.050048828125,2476.050048828125,38.0
2020-09-01 11:30:00,2476.050048828125,2476.050048828125,2472.199951171875,2476.0,36.0
2020-09-01 11:35:00,2469.25,2475.0,2469.25,2475.0,0.0
2020-09-01 11:40:00,2469.25,2485.0,2462.5,2480.0,47.0
2020-09-01 11:50:00,2480.10009765625,2480.10009765625,2478.39990234375,2478.39990234375,3.0
2020-09-01 12:00:00,2475.050048828125,2481.5,2472.199951171875,2472.199951171875,70.0
2020-09-01 12:05:00,2472.35009765625,2480.550048828125,2472.25,2480.550048828125,15.0
2020-09-01 12:10:00,2472.39990234375,2472.39990234375,2472.39990234375,2472.39990234375,1.0
2020-09-01 12:15:00,2472.35009765625,2472.35009765625,2472.35009765625,2472.35009765625,7.0
2020-09-01 12:20:00,2472.14990234375,2483.85009765625,2472.14990234375,2473.89990234375,28.0
2020-09-01 12:25:00,2483.85009765625,2489.0,2474.0,2488.60009765625,106.0
2020-09-01 12:30:00,2489.0,2491.300048828125,2481.0,2491.300048828125,59.0
2020-09-01 12:35:00,2490.0,2501.550048828125,2490.0,2497.85009765625,70.0
2020-09-01 12:40:00,2488.35009765625,2497.85009765625,2488.35009765625,2495.60009765625,18.0
2020-09-01 12:45:00,2495.64990234375,2497.60009765625,2495.64990234375,2497.60009765625,10.0
2020-09-01 12:50:00,2500.0,2508.0,2500.0,2500.10009765625,167.0
2020-09-01 12:55:00,2500.0,2500.0,2500.0,2500.0,4.0
2020-09-01 13:00:00,2500.050048828125,2500.050048828125,2500.050048828125,2500.050048828125,0.0
2020-09-01 13:10:00,2516.300048828125,2549.0,2510.89990234375,2549.0,199.0
2020-09-01 13:15:00,2549.0,2560.0,2544.0,2551.0,206.0
2020-09-01 13:20:00,2548.89990234375,2553.949951171875,2542.949951171875,2553.949951171875,24.0
2020-09-01 13:25:00,2543.0,2543.0,2543.0,2543.0,1.0
2020-09-01 13:30:00,2540.050048828125,2550.0,2534.10009765625,2550.0,51.0
2020-09-01 13:35:00,2550.0,2550.0,2546.64990234375,2550.0,7.0
2020-09-01 13:40:00,2545.949951171875,2550.0,2544.10009765625,2549.949951171875,31.0
2020-09-01 13:45:00,2542.85009765625,2542.85009765625,2542.85009765625,2542.85009765625,1.0
2020-09-01 13:50:00,2542.85009765625,2548.949951171875,2542.85009765625,2548.800048828125,10.0
2020-09-01 13:55:00,2548.949951171875,2548.949951171875,2548.949951171875,2548.949951171875,5.0
2020-09-01 14:00:00,2542.85009765625,2542.85009765625,2542.85009765625,2542.85009765625,0.0
2020-09-01 14:05:00,2542.85009765625,2542.85009765625,2542.85009765625,2542.85009765625,4.0
2020-09-01 14:20:00,2547.949951171875,2553.949951171875,2547.949951171875,2553.85009765625,18.0
2020-09-01 14:25:00,2550.050048828125,2556.5,2550.0,2556.449951171875,43.0
2020-09-01 14:30:00,2551.050048828125,2556.949951171875,2551.0,2551.0,23.0
2020-09-01 14:35:00,2550.89990234375,2550.89990234375,2546.85009765625,2546.85009765625,21.0
2020-09-01 14:40:00,2544.60009765625,2549.949951171875,2540.10009765625,2540.10009765625,21.0
2020-09-01 14:45:00,2546.949951171875,2546.949951171875,2546.949951171875,2546.949951171875,0.0
2020-09-01 14:50:00,2540.0,2540.0,2534.89990234375,2534.89990234375,2260.0
2020-09-01 14:55:00,2534.0,2534.949951171875,2534.0,2534.949951171875,11.0
2020-09-01 15:00:00,2531.0,2531.0,2525.300048828125,2525.300048828125,6.0
2020-09-01 15:05:00,2518.0,2520.0,2518.0,2519.949951171875,50.0
2020-09-01 15:10:00,2514.0,2519.14990234375,2514.0,2515.39990234375,106.0
2020-09-01 15:15:00,2519.14990234375,2519.14990234375,2510.0,2515.25,91.0
2020-09-01 15:20:00,2509.64990234375,2515.60009765625,2503.39990234375,2515.60009765625,45.0
2020-09-01 15:25:00,2507.199951171875,2520.0,2505.050048828125,2514.89990234375,53.0
2020-09-02 09:15:00,2490.300048828125,2519.949951171875,2490.300048828125,2518.550048828125,0.0
2020-09-02 09:20:00,2519.949951171875,2531.300048828125,2508.050048828125,2531.300048828125,0.0
2020-09-02 09:25:00,2539.0,2539.0,2539.0,2539.0,95.0
2020-09-02 09:30:00,2539.89990234375,2552.0,2536.199951171875,2550.10009765625,113.0
2020-09-02 09:35:00,2544.75,2552.0,2544.75,2551.949951171875,35.0
2020-09-02 09:40:00,2556.0,2560.0,2555.949951171875,2560.0,106.0
2020-09-02 09:45:00,2559.699951171875,2560.0,2559.699951171875,2560.0,77.0
2020-09-02 09:50:00,2567.949951171875,2570.949951171875,2561.949951171875,2562.0,45.0
2020-09-02 09:55:00,2562.0,2574.949951171875,2562.0,2565.050048828125,65.0
2020-09-02 10:00:00,2568.949951171875,2571.0,2564.60009765625,2571.0,14.0
2020-09-02 10:05:00,2571.0,2571.0,2571.0,2571.0,0.0
2020-09-02 10:10:00,2571.0,2574.949951171875,2568.14990234375,2568.14990234375,24.0
2020-09-02 10:15:00,2568.199951171875,2575.0,2568.199951171875,2575.0,15.0
2020-09-02 10:20:00,2564.949951171875,2565.0,2564.0,2565.0,41.0
2020-09-02 10:25:00,2565.0,2565.0,2558.050048828125,2558.050048828125,23.0
2020-09-02 10:30:00,2560.0,2565.0,2560.0,2565.0,15.0
2020-09-02 10:35:00,2564.0,2565.0,2564.0,2564.050048828125,33.0
2020-09-02 10:40:00,2564.050048828125,2565.0,2556.050048828125,2564.949951171875,213.0
2020-09-02 10:45:00,2555.0,2555.0,2555.0,2555.0,34.0
2020-09-02 10:55:00,2551.14990234375,2551.14990234375,2551.14990234375,2551.14990234375,5.0
2020-09-02 11:00:00,2549.949951171875,2549.949951171875,2547.10009765625,2547.10009765625,80.0
2020-09-02 11:05:00,2538.949951171875,2538.949951171875,2529.050048828125,2529.050048828125,29.0
2020-09-02 11:10:00,2532.0,2532.0,2531.050048828125,2531.050048828125,10.0
2020-09-02 11:20:00,2536.449951171875,2536.449951171875,2531.050048828125,2531.050048828125,17.0
2020-09-02 11:30:00,2529.050048828125,2529.050048828125,2529.050048828125,2529.050048828125,77.0
2020-09-02 11:35:00,2529.050048828125,2529.050048828125,2525.0,2529.050048828125,11.0
2020-09-02 11:40:00,2530.0,2530.0,2527.89990234375,2527.89990234375,6.0
2020-09-02 12:00:00,2528.0,2528.0,2527.89990234375,2527.89990234375,6.0
2020-09-02 12:05:00,2524.85009765625,2524.85009765625,2524.85009765625,2524.85009765625,9.0
2020-09-02 12:10:00,2524.550048828125,2524.550048828125,2524.550048828125,2524.550048828125,5.0
2020-09-02 12:15:00,2525.0,2525.0,2524.5,2524.5,6.0
2020-09-02 12:20:00,2528.0,2528.0,2528.0,2528.0,2.0
2020-09-02 12:35:00,2525.0,2525.0,2525.0,2525.0,5.0
2020-09-02 12:40:00,2524.550048828125,2524.550048828125,2524.550048828125,2524.550048828125,0.0
2020-09-02 12:45:00,2514.0,2522.949951171875,2514.0,2520.10009765625,55.0
2020-09-02 12:50:00,2520.10009765625,2520.10009765625,2520.10009765625,2520.10009765625,0.0
2020-09-02 13:00:00,2523.949951171875,2523.949951171875,2523.949951171875,2523.949951171875,2.0
2020-09-02 13:05:00,2523.949951171875,2523.949951171875,2523.949951171875,2523.949951171875,0.0
2020-09-02 13:10:00,2519.25,2519.25,2519.25,2519.25,87.0
2020-09-02 13:15:00,2509.199951171875,2519.60009765625,2509.199951171875,2519.60009765625,15.0
2020-09-02 13:20:00,2510.050048828125,2510.050048828125,2510.050048828125,2510.050048828125,1.0
2020-09-02 13:25:00,2510.0,2510.0,2510.0,2510.0,6.0
2020-09-02 13:35:00,2510.0,2510.0,2510.0,2510.0,6.0
2020-09-02 13:50:00,2509.89990234375,2509.89990234375,2505.25,2505.25,7.0
2020-09-02 13:55:00,2505.25,2505.25,2505.199951171875,2505.199951171875,10.0
2020-09-02 14:00:00,2505.199951171875,2505.25,2500.050048828125,2500.050048828125,92.0
2020-09-02 14:05:00,2500.050048828125,2500.050048828125,2500.0,2500.0,13.0
2020-09-02 14:10:00,2500.0,2501.0,2499.949951171875,2501.0,130.0
2020-09-02 14:15:00,2502.0,2537.64990234375,2502.0,2525.10009765625,186.0
2020-09-02 14:20:00,2525.10009765625,2525.10009765625,2520.050048828125,2520.050048828125,38.0
2020-09-02 14:25:00,2520.050048828125,2520.050048828125,2505.10009765625,2505.10009765625,9.0
2020-09-02 14:30:00,2510.0,2515.0,2502.449951171875,2510.10009765625,30.0
2020-09-02 14:35:00,2510.050048828125,2516.699951171875,2510.0,2514.10009765625,8.0
2020-09-02 14:40:00,2516.0,2516.0,2511.050048828125,2511.10009765625,32.0
2020-09-02 14:45:00,2511.10009765625,2511.14990234375,2511.10009765625,2511.10009765625,15.0
2020-09-02 14:50:00,2510.0,2510.050048828125,2510.0,2510.050048828125,27.0
2020-09-02 14:55:00,2510.0,2510.0,2505.5,2505.5,19.0
2020-09-02 15:00:00,2505.050048828125,2507.39990234375,2498.0,2504.0,18.0
2020-09-02 15:05:00,2504.0,2504.0,2502.0,2502.0,12.0
2020-09-02 15:10:00,2502.0,2502.050048828125,2502.0,2502.0,10.0
2020-09-02 15:15:00,2502.0,2506.60009765625,2500.699951171875,2501.300048828125,35.0
2020-09-02 15:20:00,2501.89990234375,2510.699951171875,2500.050048828125,2502.14990234375,17.0
2020-09-02 15:25:00,2503.89990234375,2544.0,2503.449951171875,2508.64990234375,24.0
2020-09-03 09:15:00,2518.0,2554.35009765625,2518.0,2552.75,0.0
2020-09-03 09:20:00,2552.75,2552.85009765625,2550.0,2550.0,7.0
2020-09-03 09:25:00,2543.300048828125,2552.800048828125,2543.050048828125,2549.75,23.0
2020-09-03 09:30:00,2549.800048828125,2549.800048828125,2540.300048828125,2549.449951171875,72.0
2020-09-03 09:35:00,2542.35009765625,2549.39990234375,2542.35009765625,2549.39990234375,19.0
2020-09-03 09:40:00,2548.949951171875,2548.949951171875,2548.949951171875,2548.949951171875,9.0
2020-09-03 09:45:00,2545.449951171875,2545.449951171875,2545.449951171875,2545.449951171875,0.0
2020-09-03 09:50:00,2548.64990234375,2548.64990234375,2548.64990234375,2548.64990234375,10.0
2020-09-03 09:55:00,2541.050048828125,2548.64990234375,2540.0,2548.550048828125,62.0
2020-09-03 10:00:00,2542.050048828125,2547.89990234375,2538.949951171875,2547.89990234375,13.0
2020-09-03 10:05:00,2547.89990234375,2548.0,2547.89990234375,2548.0,14.0
2020-09-03 10:15:00,2544.949951171875,2547.800048828125,2544.949951171875,2545.0,6.0
2020-09-03 10:20:00,2545.64990234375,2545.64990234375,2543.199951171875,2543.199951171875,19.0
2020-09-03 10:25:00,2544.0,2544.0,2544.0,2544.0,8.0
2020-09-03 10:30:00,2543.199951171875,2543.199951171875,2543.199951171875,2543.199951171875,2.0
2020-09-03 10:35:00,2545.0,2545.0,2545.0,2545.0,10.0
2020-09-03 10:50:00,2544.89990234375,2544.89990234375,2544.89990234375,2544.89990234375,0.0
2020-09-03 11:15:00,2538.800048828125,2544.89990234375,2538.800048828125,2544.89990234375,31.0
2020-09-03 11:20:00,2545.0,2545.0,2538.0,2538.0,7.0
2020-09-03 11:25:00,2532.0,2532.0,2529.0,2529.0,41.0
2020-09-03 11:30:00,2529.0,2530.0,2529.0,2530.0,12.0
2020-09-03 11:35:00,2523.85009765625,2535.75,2523.85009765625,2535.75,39.0
2020-09-03 11:40:00,2520.35009765625,2535.0,2520.35009765625,2535.0,48.0
2020-09-03 11:50:00,2515.050048828125,2532.60009765625,2515.050048828125,2532.60009765625,79.0
2020-09-03 12:05:00,2532.0,2533.0,2532.0,2533.0,19.0
2020-09-03 12:10:00,2532.449951171875,2533.0,2529.550048828125,2532.949951171875,8.0
2020-09-03 12:15:00,2530.0,2530.0,2530.0,2530.0,1.0
2020-09-03 12:25:00,2529.25,2529.35009765625,2528.199951171875,2529.35009765625,23.0
2020-09-03 12:30:00,2529.550048828125,2530.0,2529.550048828125,2530.0,12.0
2020-09-03 12:35:00,2512.0,2529.5,2512.0,2529.5,10.0
2020-09-03 12:45:00,2528.949951171875,2532.550048828125,2528.949951171875,2532.550048828125,22.0
2020-09-03 12:55:00,2532.60009765625,2532.60009765625,2532.60009765625,2532.60009765625,2.0
2020-09-03 13:00:00,2525.0,2525.0,2520.0,2520.0,2.0
2020-09-03 13:10:00,2522.949951171875,2522.949951171875,2512.10009765625,2512.10009765625,17.0
2020-09-03 13:15:00,2512.10009765625,2513.14990234375,2512.050048828125,2512.10009765625,11.0
2020-09-03 13:20:00,2513.10009765625,2513.10009765625,2512.0,2513.0,11.0
2020-09-03 13:25:00,2513.0,2513.0,2506.0,2506.050048828125,16.0
2020-09-03 13:40:00,2513.699951171875,2513.75,2508.0,2513.75,33.0
2020-09-03 13:45:00,2512.0,2514.85009765625,2512.0,2514.85009765625,2.0
2020-09-03 13:50:00,2513.0,2518.60009765625,2513.0,2518.60009765625,8.0
2020-09-03 13:55:00,2518.60009765625,2518.60009765625,2518.60009765625,2518.60009765625,2.0
2020-09-03 14:05:00,2518.60009765625,2518.60009765625,2518.60009765625,2518.60009765625,2.0
2020-09-03 14:10:00,2510.0,2514.64990234375,2505.25,2514.64990234375,15.0
2020-09-03 14:20:00,2505.60009765625,2505.60009765625,2505.60009765625,2505.60009765625,2.0
2020-09-03 14:25:00,2506.35009765625,2520.0,2506.35009765625,2520.0,15.0
2020-09-03 14:30:00,2513.050048828125,2522.949951171875,2506.550048828125,2506.550048828125,5.0
2020-09-03 14:40:00,2509.64990234375,2518.949951171875,2509.64990234375,2518.949951171875,3.0
2020-09-03 14:55:00,2500.0,2500.0,2495.050048828125,2499.64990234375,101.0
2020-09-03 15:00:00,2495.949951171875,2499.5,2490.199951171875,2490.199951171875,87.0
2020-09-03 15:05:00,2490.0,2490.0,2484.0,2484.0,54.0
2020-09-03 15:10:00,2484.0,2490.699951171875,2479.5,2482.75,99.0
2020-09-03 15:15:00,2482.0,2482.0,2452.75,2452.75,129.0
2020-09-03 15:20:00,2460.550048828125,2461.14990234375,2452.5,2457.199951171875,95.0
2020-09-03 15:25:00,2452.14990234375,2464.85009765625,2430.0,2464.85009765625,222.0
2020-09-04 09:15:00,2415.0,2442.5,2415.0,2442.5,0.0
2020-09-04 09:20:00,2428.39990234375,2442.35009765625,2428.39990234375,2442.35009765625,6.0
2020-09-04 09:25:00,2444.0,2444.0,2442.550048828125,2444.0,28.0
2020-09-04 09:30:00,2444.0,2444.0,2437.300048828125,2442.5,26.0
2020-09-04 09:35:00,2436.75,2447.39990234375,2436.75,2447.39990234375,98.0
2020-09-04 09:40:00,2444.64990234375,2451.050048828125,2444.64990234375,2445.89990234375,15.0
2020-09-04 09:45:00,2446.050048828125,2446.050048828125,2446.050048828125,2446.050048828125,6.0
2020-09-04 09:50:00,2446.050048828125,2463.64990234375,2446.050048828125,2463.35009765625,73.0
2020-09-04 09:55:00,2467.949951171875,2470.0,2461.449951171875,2470.0,60.0
2020-09-04 10:00:00,2467.550048828125,2467.550048828125,2467.550048828125,2467.550048828125,0.0
2020-09-04 10:05:00,2470.0,2476.10009765625,2470.0,2470.0,82.0
2020-09-04 10:10:00,2470.0,2470.0,2468.89990234375,2469.949951171875,25.0
2020-09-04 10:15:00,2469.85009765625,2470.0,2469.85009765625,2470.0,14.0
2020-09-04 10:20:00,2470.0,2475.800048828125,2470.0,2475.800048828125,27.0
2020-09-04 10:25:00,2475.800048828125,2475.800048828125,2475.800048828125,2475.800048828125,0.0
2020-09-04 10:30:00,2472.14990234375,2472.14990234375,2472.14990234375,2472.14990234375,10.0
2020-09-04 10:40:00,2475.800048828125,2475.800048828125,2475.800048828125,2475.800048828125,14.0
2020-09-04 10:45:00,2476.75,2476.75,2476.75,2476.75,12.0
2020-09-04 10:50:00,2476.75,2478.0,2476.75,2478.0,145.0
2020-09-04 10:55:00,2480.0,2480.800048828125,2480.0,2480.800048828125,7.0
2020-09-04 11:00:00,2480.800048828125,2480.800048828125,2476.050048828125,2476.800048828125,8.0
2020-09-04 11:15:00,2476.800048828125,2476.800048828125,2476.800048828125,2476.800048828125,24.0
2020-09-04 11:20:00,2480.0,2480.0,2475.050048828125,2479.949951171875,14.0
2020-09-04 11:25:00,2480.0,2485.0,2473.25,2485.0,69.0
2020-09-04 11:30:00,2486.199951171875,2490.0,2486.199951171875,2490.0,21.0
2020-09-04 11:40:00,2493.89990234375,2493.89990234375,2486.89990234375,2486.89990234375,64.0
2020-09-04 11:45:00,2486.89990234375,2486.89990234375,2486.89990234375,2486.89990234375,0.0
2020-09-04 11:50:00,2485.050048828125,2486.89990234375,2485.050048828125,2485.050048828125,14.0
2020-09-04 11:55:00,2485.050048828125,2485.050048828125,2485.050048828125,2485.050048828125,2.0
2020-09-04 12:00:00,2485.050048828125,2485.050048828125,2485.050048828125,2485.050048828125,4.0
2020-09-04 12:05:00,2486.89990234375,2487.0,2486.89990234375,2487.0,64.0
2020-09-04 12:10:00,2500.0,2500.0,2470.0,2471.050048828125,143.0
2020-09-04 12:15:00,2471.050048828125,2477.949951171875,2471.050048828125,2471.050048828125,8.0
2020-09-04 12:20:00,2471.050048828125,2477.35009765625,2470.0,2477.35009765625,18.0
2020-09-04 12:25:00,2470.300048828125,2470.300048828125,2470.300048828125,2470.300048828125,2.0
2020-09-04 12:30:00,2474.800048828125,2474.800048828125,2474.800048828125,2474.800048828125,16.0
2020-09-04 12:35:00,2475.64990234375,2475.64990234375,2471.449951171875,2471.449951171875,10.0
2020-09-04 12:40:00,2470.050048828125,2476.75,2470.050048828125,2470.050048828125,14.0
2020-09-04 12:45:00,2470.050048828125,2476.699951171875,2470.050048828125,2471.5,20.0
2020-09-04 12:50:00,2470.85009765625,2475.449951171875,2466.85009765625,2466.85009765625,15.0
2020-09-04 12:55:00,2467.0,2470.0,2462.0,2466.949951171875,91.0
2020-09-04 13:00:00,2470.0,2470.0,2466.85009765625,2470.0,151.0
2020-09-04 13:05:00,2466.85009765625,2466.85009765625,2466.85009765625,2466.85009765625,8.0
2020-09-04 13:15:00,2466.85009765625,2466.85009765625,2466.85009765625,2466.85009765625,9.0
2020-09-04 13:20:00,2466.85009765625,2466.85009765625,2459.800048828125,2459.800048828125,42.0
2020-09-04 13:25:00,2456.449951171875,2456.449951171875,2456.39990234375,2456.39990234375,11.0
2020-09-04 13:30:00,2459.800048828125,2459.800048828125,2459.800048828125,2459.800048828125,6.0
2020-09-04 13:35:00,2455.050048828125,2455.050048828125,2455.050048828125,2455.050048828125,3.0
2020-09-04 13:40:00,2455.050048828125,2455.050048828125,2455.050048828125,2455.050048828125,1.0
2020-09-04 13:45:00,2459.75,2459.75,2459.75,2459.75,1.0
2020-09-04 13:50:00,2459.75,2459.75,2455.75,2455.75,2.0
2020-09-04 14:00:00,2459.699951171875,2459.699951171875,2459.699951171875,2459.699951171875,4.0
2020-09-04 14:05:00,2455.550048828125,2455.800048828125,2455.550048828125,2455.800048828125,16.0
2020-09-04 14:10:00,2455.800048828125,2455.800048828125,2455.0,2455.0,16.0
2020-09-04 14:25:00,2455.050048828125,2455.050048828125,2455.050048828125,2455.050048828125,2.0
2020-09-04 14:35:00,2455.199951171875,2455.199951171875,2455.0,2455.0,187.0
2020-09-04 14:40:00,2450.050048828125,2452.050048828125,2450.050048828125,2450.050048828125,66.0
2020-09-04 14:45:00,2450.10009765625,2450.10009765625,2450.10009765625,2450.10009765625,17.0
2020-09-04 14:50:00,2458.0,2458.0,2458.0,2458.0,0.0
2020-09-04 15:00:00,2457.949951171875,2457.949951171875,2450.050048828125,2450.050048828125,16.0
2020-09-04 15:05:00,2450.699951171875,2450.699951171875,2450.699951171875,2450.699951171875,6.0
2020-09-04 15:10:00,2450.699951171875,2450.699951171875,2450.699951171875,2450.699951171875,2.0
2020-09-04 15:15:00,2450.10009765625,2457.14990234375,2450.050048828125,2456.949951171875,45.0
2020-09-04 15:20:00,2453.14990234375,2456.949951171875,2453.14990234375,2456.949951171875,5.0
2020-09-04 15:25:00,2456.949951171875,2456.949951171875,2450.0,2451.699951171875,47.0
2020-09-07 09:15:00,2449.699951171875,2525.14990234375,2449.699951171875,2506.39990234375,0.0
2020-09-07 09:20:00,2515.0,2531.050048828125,2510.0,2530.14990234375,172.0
2020-09-07 09:25:00,2528.550048828125,2528.60009765625,2513.5,2527.949951171875,68.0
2020-09-07 09:30:00,2519.949951171875,2528.0,2516.60009765625,2516.60009765625,225.0
2020-09-07 09:35:00,2517.949951171875,2517.949951171875,2517.949951171875,2517.949951171875,28.0
2020-09-07 09:40:00,2514.0,2514.25,2507.800048828125,2513.800048828125,43.0
2020-09-07 09:45:00,2501.699951171875,2501.699951171875,2481.39990234375,2483.0,584.0
2020-09-07 09:50:00,2490.0,2490.0,2472.14990234375,2480.050048828125,568.0
2020-09-07 09:55:00,2482.550048828125,2513.949951171875,2482.0,2501.75,59.0
2020-09-07 10:00:00,2492.85009765625,2504.89990234375,2492.85009765625,2492.85009765625,23.0
2020-09-07 10:05:00,2502.25,2503.0,2501.0,2501.0,35.0
2020-09-07 10:10:00,2505.0,2505.0,2501.64990234375,2505.0,18.0
2020-09-07 10:15:00,2505.0,2515.0,2505.0,2515.0,71.0
2020-09-07 10:20:00,2505.550048828125,2505.550048828125,2505.050048828125,2505.050048828125,10.0
2020-09-07 10:30:00,2506.0,2510.0,2506.0,2510.0,3.0
2020-09-07 10:35:00,2511.0,2514.0,2510.0,2514.0,15.0
2020-09-07 10:40:00,2510.5,2510.5,2510.5,2510.5,2.0
2020-09-07 10:45:00,2506.85009765625,2515.0,2506.85009765625,2515.0,91.0
2020-09-07 10:50:00,2515.0,2516.300048828125,2509.64990234375,2516.300048828125,41.0
2020-09-07 10:55:00,2517.0,2517.0,2510.800048828125,2514.0,160.0
2020-09-07 11:00:00,2514.0,2520.0,2500.0,2520.0,294.0
2020-09-07 11:05:00,2519.89990234375,2524.0,2517.0,2522.0,71.0
2020-09-07 11:10:00,2522.0,2522.0,2516.449951171875,2517.050048828125,103.0
2020-09-07 11:15:00,2522.0,2536.0,2517.050048828125,2532.699951171875,303.0
2020-09-07 11:20:00,2530.050048828125,2536.699951171875,2517.199951171875,2526.699951171875,274.0
2020-09-07 11:25:00,2525.050048828125,2530.85009765625,2520.050048828125,2530.85009765625,53.0
2020-09-07 11:30:00,2529.949951171875,2529.949951171875,2525.800048828125,2528.800048828125,16.0
2020-09-07 11:35:00,2536.14990234375,2536.14990234375,2525.699951171875,2525.699951171875,27.0
2020-09-07 11:40:00,2525.75,2534.10009765625,2525.75,2525.949951171875,49.0
2020-09-07 11:45:00,2527.0,2527.0,2525.0,2525.0,51.0
2020-09-07 11:50:00,2525.0,2533.949951171875,2524.949951171875,2532.0,93.0
2020-09-07 11:55:00,2532.0,2532.0,2532.0,2532.0,3.0
2020-09-07 12:00:00,2531.449951171875,2532.0,2531.449951171875,2532.0,82.0
2020-09-07 12:05:00,2532.0,2532.85009765625,2524.10009765625,2532.85009765625,82.0
2020-09-07 12:10:00,2526.300048828125,2526.800048828125,2526.300048828125,2526.800048828125,19.0
2020-09-07 12:15:00,2534.5,2534.550048828125,2531.5,2534.550048828125,97.0
2020-09-07 12:20:00,2534.0,2535.0,2520.0,2523.10009765625,880.0
2020-09-07 12:25:00,2524.0,2525.0,2517.10009765625,2524.949951171875,103.0
2020-09-07 12:30:00,2525.0,2534.199951171875,2525.0,2525.199951171875,51.0
2020-09-07 12:35:00,2527.949951171875,2531.050048828125,2525.0,2525.0,5.0
2020-09-07 12:40:00,2525.10009765625,2531.050048828125,2525.10009765625,2531.050048828125,13.0
2020-09-07 12:45:00,2530.0,2535.0,2519.949951171875,2520.0,270.0
2020-09-07 12:50:00,2520.0,2520.0,2500.050048828125,2513.35009765625,148.0
2020-09-07 12:55:00,2513.050048828125,2520.0,2507.949951171875,2519.949951171875,47.0
2020-09-07 13:00:00,2520.0,2530.0,2520.0,2530.0,158.0
2020-09-07 13:05:00,2530.0,2530.0,2524.050048828125,2530.0,43.0
2020-09-07 13:10:00,2530.0,2530.0,2516.39990234375,2530.0,85.0
2020-09-07 13:15:00,2530.0,2530.0,2525.5,2530.0,40.0
2020-09-07 13:20:00,2529.949951171875,2530.0,2522.050048828125,2522.050048828125,30.0
2020-09-07 13:25:00,2529.949951171875,2530.0,2522.050048828125,2525.0,62.0
2020-09-07 13:30:00,2527.5,2530.0,2522.050048828125,2530.0,52.0
2020-09-07 13:35:00,2530.0,2530.0,2522.5,2530.0,49.0
2020-09-07 13:40:00,2530.0,2531.0,2526.800048828125,2531.0,25.0
2020-09-07 13:45:00,2530.0,2530.0,2530.0,2530.0,1.0
2020-09-07 13:50:00,2530.0,2540.0,2530.0,2531.89990234375,137.0
2020-09-07 13:55:00,2531.0,2540.0,2528.199951171875,2528.199951171875,47.0
2020-09-07 14:00:00,2529.050048828125,2529.050048828125,2523.050048828125,2523.050048828125,5.0
2020-09-07 14:05:00,2530.699951171875,2533.85009765625,2529.10009765625,2529.10009765625,12.0
2020-09-07 14:10:00,2528.35009765625,2528.35009765625,2528.0,2528.35009765625,11.0
2020-09-07 14:15:00,2523.699951171875,2528.050048828125,2523.050048828125,2527.949951171875,34.0
2020-09-07 14:20:00,2523.14990234375,2523.14990234375,2523.14990234375,2523.14990234375,0.0
2020-09-07 14:25:00,2523.199951171875,2523.199951171875,2523.199951171875,2523.199951171875,2.0
2020-09-07 14:30:00,2523.25,2532.550048828125,2522.0,2522.0,60.0
2020-09-07 14:35:00,2520.050048828125,2520.050048828125,2502.0,2504.10009765625,37.0
2020-09-07 14:40:00,2504.199951171875,2506.050048828125,2500.10009765625,2500.10009765625,57.0
2020-09-07 14:45:00,2501.14990234375,2513.35009765625,2501.14990234375,2503.35009765625,54.0
2020-09-07 14:50:00,2503.449951171875,2503.449951171875,2503.25,2503.25,8.0
2020-09-07 14:55:00,2505.300048828125,2509.0,2505.300048828125,2509.0,5.0
2020-09-07 15:00:00,2508.800048828125,2513.35009765625,2508.800048828125,2508.85009765625,11.0
2020-09-07 15:05:00,2510.0,2510.0,2510.0,2510.0,3.0
2020-09-07 15:10:00,2517.35009765625,2545.0,2510.0,2512.39990234375,275.0
2020-09-07 15:15:00,2528.60009765625,2539.449951171875,2510.050048828125,2524.699951171875,271.0
2020-09-07 15:20:00,2540.0,2540.0,2511.050048828125,2527.949951171875,107.0
2020-09-07 15:25:00,2540.0,2540.14990234375,2529.10009765625,2540.0,134.0
2020-09-08 09:15:00,2502.10009765625,2540.0,2502.10009765625,2517.14990234375,0.0
2020-09-08 09:20:00,2517.199951171875,2525.199951171875,2517.199951171875,2524.0,67.0
2020-09-08 09:25:00,2524.0,2524.0,2524.0,2524.0,12.0
2020-09-08 09:30:00,2513.300048828125,2518.85009765625,2512.14990234375,2518.85009765625,10.0
2020-09-08 09:35:00,2513.5,2513.5,2513.5,2513.5,0.0
2020-09-08 09:40:00,2512.10009765625,2512.10009765625,2503.0,2503.0,143.0
2020-09-08 09:45:00,2508.0,2509.89990234375,2507.89990234375,2509.5,15.0
2020-09-08 09:50:00,2509.89990234375,2510.0,2509.89990234375,2510.0,18.0
2020-09-08 09:55:00,2509.89990234375,2509.89990234375,2509.89990234375,2509.89990234375,1.0
2020-09-08 10:00:00,2509.0,2509.0,2509.0,2509.0,33.0
2020-09-08 10:10:00,2509.800048828125,2509.800048828125,2509.800048828125,2509.800048828125,4.0
2020-09-08 10:15:00,2509.800048828125,2509.800048828125,2509.800048828125,2509.800048828125,6.0
2020-09-08 10:20:00,2518.39990234375,2518.39990234375,2518.39990234375,2518.39990234375,49.0
2020-09-08 10:25:00,2515.550048828125,2515.550048828125,2514.10009765625,2514.10009765625,9.0
2020-09-08 10:40:00,2514.10009765625,2515.0,2514.10009765625,2515.0,6.0
2020-09-08 11:00:00,2515.0,2515.0,2515.0,2515.0,10.0
2020-09-08 11:05:00,2515.0,2515.0,2515.0,2515.0,10.0
2020-09-08 11:10:00,2515.0,2520.85009765625,2515.0,2520.85009765625,1.0
2020-09-08 11:20:00,2520.85009765625,2520.85009765625,2520.85009765625,2520.85009765625,8.0
2020-09-08 11:25:00,2520.85009765625,2520.85009765625,2520.85009765625,2520.85009765625,12.0
2020-09-08 11:30:00,2520.0,2520.0,2520.0,2520.0,57.0
2020-09-08 11:35:00,2524.0,2524.0,2520.10009765625,2520.10009765625,0.0
2020-09-08 11:55:00,2523.800048828125,2523.800048828125,2523.800048828125,2523.800048828125,2.0
2020-09-08 12:00:00,2510.199951171875,2510.199951171875,2510.199951171875,2510.199951171875,99.0
2020-09-08 12:05:00,2507.800048828125,2507.800048828125,2507.800048828125,2507.800048828125,5.0
2020-09-08 12:10:00,2507.14990234375,2516.10009765625,2504.14990234375,2507.300048828125,119.0
2020-09-08 12:15:00,2512.699951171875,2523.35009765625,2512.699951171875,2523.35009765625,12.0
2020-09-08 12:35:00,2518.0,2518.0,2514.300048828125,2515.0,10.0
2020-09-08 12:40:00,2521.39990234375,2524.89990234375,2521.39990234375,2524.89990234375,6.0
2020-09-08 12:45:00,2528.0,2528.0,2528.0,2528.0,6.0
2020-09-08 13:05:00,2527.0,2527.0,2527.0,2527.0,4.0
2020-09-08 13:10:00,2526.949951171875,2526.949951171875,2526.949951171875,2526.949951171875,3.0
2020-09-08 13:15:00,2527.0,2527.0,2527.0,2527.0,11.0
2020-09-08 13:20:00,2519.949951171875,2519.949951171875,2519.949951171875,2519.949951171875,0.0
2020-09-08 13:25:00,2549.75,2549.75,2531.550048828125,2531.550048828125,232.0
2020-09-08 13:30:00,2532.5,2532.5,2532.5,2532.5,1.0
2020-09-08 13:35:00,2532.449951171875,2532.449951171875,2532.449951171875,2532.449951171875,8.0
2020-09-08 13:40:00,2531.60009765625,2531.60009765625,2531.60009765625,2531.60009765625,0.0
2020-09-08 13:45:00,2522.39990234375,2534.5,2510.199951171875,2516.0,88.0
2020-09-08 13:50:00,2520.64990234375,2520.64990234375,2511.449951171875,2511.449951171875,0.0
2020-09-08 14:00:00,2529.0,2529.0,2521.949951171875,2521.949951171875,12.0
2020-09-08 14:05:00,2522.0,2522.0,2522.0,2522.0,4.0
2020-09-08 14:15:00,2518.0,2518.0,2518.0,2518.0,5.0
2020-09-08 14:25:00,2518.0,2518.0,2518.0,2518.0,7.0
2020-09-08 14:30:00,2518.0,2518.0,2518.0,2518.0,7.0
2020-09-08 14:35:00,2521.0,2521.0,2518.0,2518.0,13.0
2020-09-08 14:40:00,2521.0,2521.0,2510.0,2510.0,158.0
2020-09-08 14:45:00,2516.89990234375,2516.89990234375,2507.14990234375,2507.14990234375,0.0
2020-09-08 14:50:00,2500.0,2514.949951171875,2500.0,2514.949951171875,252.0
2020-09-08 14:55:00,2501.050048828125,2501.050048828125,2501.050048828125,2501.050048828125,13.0
2020-09-08 15:00:00,2500.0,2500.0,2487.10009765625,2487.10009765625,101.0
2020-09-08 15:05:00,2484.050048828125,2489.85009765625,2480.14990234375,2489.85009765625,13.0
2020-09-08 15:10:00,2491.0,2499.0,2491.0,2499.0,69.0
2020-09-08 15:15:00,2497.0,2499.0,2489.0,2489.0,85.0
2020-09-08 15:20:00,2489.050048828125,2508.5,2489.0,2492.85009765625,33.0
2020-09-08 15:25:00,2494.300048828125,2520.0,2489.0,2496.5,107.0
2020-09-09 09:15:00,2452.699951171875,2544.0,2452.10009765625,2503.64990234375,0.0
2020-09-09 09:20:00,2519.25,2519.25,2476.60009765625,2482.64990234375,160.0
2020-09-09 09:25:00,2470.050048828125,2493.800048828125,2470.050048828125,2482.550048828125,94.0
2020-09-09 09:30:00,2473.10009765625,2473.10009765625,2466.25,2466.25,51.0
2020-09-09 09:35:00,2468.0,2468.0,2463.0,2463.0,82.0
2020-09-09 09:40:00,2460.35009765625,2465.949951171875,2459.0,2465.949951171875,43.0
2020-09-09 09:45:00,2460.0,2460.0,2460.0,2460.0,8.0
2020-09-09 09:50:00,2465.800048828125,2465.89990234375,2465.0,2465.0,16.0
2020-09-09 09:55:00,2465.0,2465.0,2457.85009765625,2457.85009765625,19.0
2020-09-09 10:00:00,2455.550048828125,2455.550048828125,2452.699951171875,2452.699951171875,7.0
2020-09-09 10:05:00,2452.64990234375,2452.64990234375,2440.0,2446.949951171875,156.0
2020-09-09 10:10:00,2446.0,2446.0,2446.0,2446.0,4.0
2020-09-09 10:15:00,2449.39990234375,2467.0,2446.949951171875,2467.0,287.0
2020-09-09 10:20:00,2479.949951171875,2489.75,2472.050048828125,2475.0,436.0
2020-09-09 10:25:00,2475.0,2479.75,2461.300048828125,2466.10009765625,111.0
2020-09-09 10:30:00,2471.449951171875,2510.0,2466.10009765625,2500.0,128.0
2020-09-09 10:35:00,2486.050048828125,2499.14990234375,2486.050048828125,2495.0,58.0
2020-09-09 10:40:00,2488.10009765625,2488.10009765625,2487.050048828125,2487.050048828125,0.0
2020-09-09 10:45:00,2487.050048828125,2490.0,2486.050048828125,2486.050048828125,70.0
2020-09-09 10:50:00,2486.050048828125,2486.050048828125,2472.14990234375,2472.14990234375,21.0
2020-09-09 10:55:00,2469.199951171875,2479.949951171875,2469.199951171875,2470.050048828125,4.0
2020-09-09 11:00:00,2475.449951171875,2475.5,2471.5,2471.60009765625,4.0
2020-09-09 11:05:00,2475.85009765625,2475.85009765625,2471.550048828125,2475.85009765625,3.0
2020-09-09 11:10:00,2471.550048828125,2472.050048828125,2471.550048828125,2472.050048828125,3.0
2020-09-09 11:15:00,2471.699951171875,2471.699951171875,2471.64990234375,2471.64990234375,52.0
2020-09-09 11:20:00,2474.60009765625,2474.60009765625,2472.050048828125,2472.050048828125,2.0
2020-09-09 11:25:00,2474.800048828125,2480.449951171875,2471.14990234375,2471.14990234375,6.0
2020-09-09 11:30:00,2471.14990234375,2479.949951171875,2450.0,2450.0,238.0
2020-09-09 11:35:00,2450.0,2461.800048828125,2441.699951171875,2441.75,183.0
2020-09-09 11:40:00,2446.449951171875,2446.449951171875,2442.0,2443.0,25.0
2020-09-09 11:45:00,2443.0,2443.0,2443.0,2443.0,6.0
2020-09-09 12:00:00,2443.14990234375,2443.14990234375,2443.14990234375,2443.14990234375,2.0
2020-09-09 12:05:00,2441.699951171875,2459.25,2440.0,2459.25,112.0
2020-09-09 12:10:00,2450.0,2450.0,2446.39990234375,2449.949951171875,14.0
2020-09-09 12:15:00,2447.0,2449.949951171875,2447.0,2449.949951171875,22.0
2020-09-09 12:20:00,2449.0,2449.0,2449.0,2449.0,0.0
2020-09-09 12:30:00,2440.0,2440.0,2440.0,2440.0,77.0
2020-09-09 12:35:00,2438.0,2438.0,2435.0,2435.0,33.0
2020-09-09 12:45:00,2440.0,2441.199951171875,2440.0,2441.199951171875,59.0
2020-09-09 12:50:00,2440.0,2440.0,2440.0,2440.0,4.0
2020-09-09 12:55:00,2440.0,2440.0,2440.0,2440.0,20.0
2020-09-09 13:00:00,2439.949951171875,2439.949951171875,2436.14990234375,2436.14990234375,0.0
2020-09-09 13:05:00,2439.89990234375,2440.0,2439.89990234375,2440.0,3.0
2020-09-09 13:10:00,2435.0,2435.0,2435.0,2435.0,19.0
2020-09-09 13:15:00,2435.050048828125,2435.050048828125,2435.050048828125,2435.050048828125,0.0
2020-09-09 13:25:00,2436.050048828125,2439.89990234375,2436.050048828125,2439.89990234375,5.0
2020-09-09 13:35:00,2439.89990234375,2439.89990234375,2439.89990234375,2439.89990234375,10.0
2020-09-09 13:40:00,2439.949951171875,2439.949951171875,2435.0,2435.0,52.0
2020-09-09 13:45:00,2438.949951171875,2439.949951171875,2438.89990234375,2439.949951171875,20.0
2020-09-09 13:55:00,2439.949951171875,2440.0,2439.949951171875,2440.0,83.0
2020-09-09 14:00:00,2439.89990234375,2439.89990234375,2439.89990234375,2439.89990234375,0.0
2020-09-09 14:05:00,2439.89990234375,2440.0,2439.89990234375,2440.0,25.0
2020-09-09 14:10:00,2439.0,2440.0,2439.0,2440.0,3.0
2020-09-09 14:15:00,2440.0,2440.0,2439.89990234375,2439.89990234375,22.0
2020-09-09 14:20:00,2440.0,2440.449951171875,2439.89990234375,2439.89990234375,126.0
2020-09-09 14:30:00,2439.89990234375,2439.89990234375,2439.89990234375,2439.89990234375,9.0
2020-09-09 14:35:00,2439.5,2439.5,2436.199951171875,2436.199951171875,13.0
2020-09-09 14:40:00,2439.89990234375,2439.89990234375,2436.10009765625,2436.10009765625,9.0
2020-09-09 14:45:00,2439.85009765625,2439.85009765625,2439.85009765625,2439.85009765625,1.0
2020-09-09 14:50:00,2439.89990234375,2439.89990234375,2437.0,2437.0,9.0
2020-09-09 14:55:00,2439.89990234375,2439.89990234375,2437.0,2437.0,6.0
2020-09-09 15:00:00,2440.0,2440.0,2430.0,2430.0,82.0
2020-09-09 15:05:00,2430.0,2430.0,2423.89990234375,2423.89990234375,151.0
2020-09-09 15:10:00,2423.0,2423.85009765625,2410.0,2416.10009765625,91.0
2020-09-09 15:15:00,2415.0,2428.800048828125,2415.0,2417.85009765625,74.0
2020-09-09 15:20:00,2425.14990234375,2427.75,2410.10009765625,2419.75,183.0
2020-09-09 15:25:00,2413.0,2419.89990234375,2387.39990234375,2416.85009765625,373.0
2020-09-10 09:15:00,2424.35009765625,2448.0,2424.0,2448.0,0.0
2020-09-10 09:20:00,2449.89990234375,2449.89990234375,2449.89990234375,2449.89990234375,13.0
2020-09-10 09:25:00,2449.0,2460.0,2449.0,2460.0,88.0
2020-09-10 09:30:00,2459.949951171875,2460.0,2454.949951171875,2454.949951171875,0.0
2020-09-10 09:35:00,2454.949951171875,2455.0,2430.14990234375,2430.39990234375,125.0
2020-09-10 09:40:00,2430.39990234375,2430.39990234375,2430.35009765625,2430.35009765625,10.0
2020-09-10 09:45:00,2430.14990234375,2430.14990234375,2430.14990234375,2430.14990234375,0.0
2020-09-10 09:50:00,2430.39990234375,2430.39990234375,2430.39990234375,2430.39990234375,6.0
2020-09-10 09:55:00,2430.39990234375,2450.449951171875,2430.39990234375,2450.449951171875,24.0
2020-09-10 10:00:00,2450.0,2450.0,2450.0,2450.0,19.0
2020-09-10 10:05:00,2455.0,2459.25,2455.0,2459.25,7.0
2020-09-10 10:10:00,2457.0,2460.0,2457.0,2460.0,144.0
2020-09-10 10:15:00,2457.050048828125,2457.050048828125,2457.050048828125,2457.050048828125,0.0
2020-09-10 10:20:00,2460.0,2460.0,2457.0,2460.0,22.0
2020-09-10 10:30:00,2460.0,2470.75,2460.0,2470.75,84.0
2020-09-10 10:35:00,2470.800048828125,2470.800048828125,2465.050048828125,2465.050048828125,7.0
2020-09-10 10:40:00,2465.0,2472.0,2465.0,2472.0,28.0
2020-09-10 10:45:00,2472.050048828125,2472.050048828125,2472.0,2472.0,80.0
2020-09-10 10:50:00,2472.0,2479.449951171875,2472.0,2475.949951171875,7.0
2020-09-10 10:55:00,2479.0,2479.0,2476.0,2476.0,39.0
2020-09-10 11:00:00,2475.949951171875,2476.0,2475.949951171875,2476.0,4.0
2020-09-10 11:05:00,2472.050048828125,2475.949951171875,2472.0,2475.949951171875,11.0
2020-09-10 11:10:00,2476.0,2476.0,2475.85009765625,2475.85009765625,16.0
2020-09-10 11:15:00,2476.0,2479.0,2476.0,2479.0,12.0
2020-09-10 11:20:00,2479.0,2479.5,2476.0,2479.5,29.0
2020-09-10 11:25:00,2480.0,2486.0,2480.0,2485.0,15.0
2020-09-10 11:30:00,2485.0,2490.0,2485.0,2489.949951171875,31.0
2020-09-10 11:35:00,2492.199951171875,2493.0,2485.5,2493.0,23.0
2020-09-10 11:45:00,2488.300048828125,2488.300048828125,2488.25,2488.25,13.0
2020-09-10 11:50:00,2487.0,2487.0,2487.0,2487.0,6.0
2020-09-10 12:00:00,2485.0,2485.0,2485.0,2485.0,84.0
2020-09-10 12:05:00,2485.0,2485.0,2485.0,2485.0,10.0
2020-09-10 12:10:00,2488.949951171875,2488.949951171875,2479.0,2479.0,37.0
2020-09-10 12:15:00,2479.0,2479.0,2471.5,2471.5,35.0
2020-09-10 12:35:00,2475.949951171875,2475.949951171875,2471.550048828125,2471.550048828125,49.0
2020-09-10 12:40:00,2471.5,2473.75,2471.5,2471.5,0.0
2020-09-10 12:45:00,2471.5,2471.5,2468.0,2471.449951171875,26.0
2020-09-10 12:50:00,2468.0,2468.0,2468.0,2468.0,31.0
2020-09-10 12:55:00,2468.0,2468.0,2468.0,2468.0,0.0
2020-09-10 13:00:00,2468.0,2468.0,2468.0,2468.0,3.0
2020-09-10 13:05:00,2473.60009765625,2473.60009765625,2468.0,2468.0,6.0
2020-09-10 13:10:00,2468.0,2468.050048828125,2468.0,2468.0,3.0
2020-09-10 13:15:00,2468.0,2476.0,2468.0,2476.0,32.0
2020-09-10 13:20:00,2468.35009765625,2468.35009765625,2468.300048828125,2468.300048828125,0.0
2020-09-10 13:25:00,2468.0,2468.0,2466.050048828125,2466.050048828125,3.0
2020-09-10 13:30:00,2465.050048828125,2465.050048828125,2465.0,2465.0,22.0
2020-09-10 13:35:00,2465.0,2465.0,2460.0,2460.0,36.0
2020-09-10 13:40:00,2460.0,2460.050048828125,2460.0,2460.050048828125,3.0
2020-09-10 13:45:00,2460.0,2460.0,2460.0,2460.0,10.0
2020-09-10 13:50:00,2460.0,2460.0,2460.0,2460.0,3.0
2020-09-10 13:55:00,2460.5,2460.5,2460.5,2460.5,3.0
2020-09-10 14:00:00,2460.14990234375,2460.35009765625,2460.14990234375,2460.35009765625,3.0
2020-09-10 14:05:00,2460.39990234375,2464.0,2460.39990234375,2464.0,22.0
2020-09-10 14:10:00,2462.050048828125,2467.800048828125,2462.050048828125,2465.050048828125,1.0
2020-09-10 14:15:00,2465.0,2465.0,2449.949951171875,2449.949951171875,84.0
2020-09-10 14:20:00,2445.050048828125,2445.050048828125,2440.89990234375,2441.0,70.0
2020-09-10 14:25:00,2440.89990234375,2443.35009765625,2440.89990234375,2443.35009765625,5.0
2020-09-10 14:30:00,2449.89990234375,2449.89990234375,2440.949951171875,2440.949951171875,10.0
2020-09-10 14:40:00,2440.949951171875,2444.199951171875,2440.199951171875,2444.199951171875,24.0
2020-09-10 14:45:00,2450.449951171875,2450.449951171875,2443.35009765625,2443.35009765625,18.0
2020-09-10 14:55:00,2446.75,2446.75,2443.35009765625,2443.35009765625,11.0
2020-09-10 15:00:00,2443.35009765625,2445.0,2443.35009765625,2443.35009765625,4.0
2020-09-10 15:05:00,2445.050048828125,2453.300048828125,2443.35009765625,2443.39990234375,23.0
2020-09-10 15:10:00,2439.89990234375,2452.75,2436.25,2436.25,62.0
2020-09-10 15:15:00,2436.25,2441.0,2435.0,2441.0,9.0
2020-09-10 15:20:00,2443.35009765625,2470.60009765625,2443.35009765625,2455.0,55.0
2020-09-10 15:25:00,2454.60009765625,2470.800048828125,2448.800048828125,2448.800048828125,28.0
2020-09-11 09:15:00,2477.14990234375,2477.14990234375,2450.199951171875,2454.550048828125,0.0
2020-09-11 09:25:00,2471.0,2474.0,2471.0,2474.0,14.0
2020-09-11 09:35:00,2490.0,2490.0,2480.0,2480.0,49.0
2020-09-11 09:40:00,2479.949951171875,2479.949951171875,2479.949951171875,2479.949951171875,0.0
2020-09-11 09:50:00,2471.10009765625,2476.85009765625,2466.25,2476.85009765625,16.0
2020-09-11 09:55:00,2460.39990234375,2460.39990234375,2460.39990234375,2460.39990234375,2.0
2020-09-11 10:00:00,2480.0,2480.0,2456.050048828125,2456.050048828125,54.0
2020-09-11 10:05:00,2454.550048828125,2454.550048828125,2454.550048828125,2454.550048828125,1.0
2020-09-11 10:25:00,2454.449951171875,2454.449951171875,2454.449951171875,2454.449951171875,2.0
2020-09-11 10:30:00,2454.449951171875,2454.449951171875,2454.449951171875,2454.449951171875,0.0
2020-09-11 10:40:00,2460.0,2460.0,2460.0,2460.0,15.0
2020-09-11 10:50:00,2460.949951171875,2460.949951171875,2460.949951171875,2460.949951171875,2.0
2020-09-11 10:55:00,2461.0,2461.0,2461.0,2461.0,4.0
2020-09-11 11:00:00,2461.0,2461.0,2461.0,2461.0,3.0
2020-09-11 11:05:00,2455.0,2463.14990234375,2450.0,2463.14990234375,12.0
2020-09-11 11:10:00,2450.60009765625,2463.14990234375,2450.60009765625,2462.949951171875,2.0
2020-09-11 11:25:00,2452.699951171875,2452.699951171875,2452.699951171875,2452.699951171875,4.0
2020-09-11 11:35:00,2463.64990234375,2463.699951171875,2463.64990234375,2463.699951171875,10.0
2020-09-11 11:40:00,2451.5,2451.5,2451.5,2451.5,0.0
2020-09-11 11:45:00,2452.0,2452.0,2452.0,2452.0,11.0
2020-09-11 11:50:00,2451.0,2451.0,2451.0,2451.0,4.0
2020-09-11 11:55:00,2452.0,2452.0,2452.0,2452.0,22.0
2020-09-11 12:05:00,2452.300048828125,2452.300048828125,2452.300048828125,2452.300048828125,12.0
2020-09-11 12:25:00,2452.300048828125,2452.300048828125,2452.300048828125,2452.300048828125,28.0
2020-09-11 12:30:00,2462.89990234375,2462.89990234375,2462.89990234375,2462.89990234375,0.0
2020-09-11 12:35:00,2462.85009765625,2462.85009765625,2462.85009765625,2462.85009765625,2.0
2020-09-11 12:40:00,2452.85009765625,2452.85009765625,2452.0,2452.0,6.0
2020-09-11 12:45:00,2462.800048828125,2462.800048828125,2462.800048828125,2462.800048828125,8.0
2020-09-11 12:50:00,2462.800048828125,2462.800048828125,2451.5,2451.5,124.0
2020-09-11 12:55:00,2449.949951171875,2449.949951171875,2449.949951171875,2449.949951171875,5.0
2020-09-11 13:00:00,2449.949951171875,2449.949951171875,2449.949951171875,2449.949951171875,1.0
2020-09-11 13:05:00,2443.050048828125,2443.050048828125,2443.050048828125,2443.050048828125,9.0
2020-09-11 13:10:00,2448.39990234375,2448.39990234375,2448.39990234375,2448.39990234375,3.0
2020-09-11 13:15:00,2450.0,2450.0,2450.0,2450.0,0.0
2020-09-11 13:25:00,2454.64990234375,2454.64990234375,2454.64990234375,2454.64990234375,6.0
2020-09-11 13:30:00,2448.64990234375,2448.64990234375,2440.0,2440.0,34.0
2020-09-11 13:40:00,2452.85009765625,2468.0,2452.85009765625,2465.0,95.0
2020-09-11 13:45:00,2460.050048828125,2460.050048828125,2460.050048828125,2460.050048828125,0.0
2020-09-11 13:50:00,2460.14990234375,2460.14990234375,2460.0,2460.0,25.0
2020-09-11 13:55:00,2460.14990234375,2469.0,2460.14990234375,2469.0,14.0
2020-09-11 14:00:00,2461.050048828125,2461.050048828125,2461.050048828125,2461.050048828125,0.0
2020-09-11 14:20:00,2464.0,2464.0,2464.0,2464.0,15.0
2020-09-11 14:25:00,2464.0,2464.0,2464.0,2464.0,2.0
2020-09-11 14:35:00,2463.300048828125,2463.300048828125,2460.0,2460.0,29.0
2020-09-11 14:40:00,2460.0,2460.0,2460.0,2460.0,23.0
2020-09-11 14:45:00,2460.0,2465.0,2460.0,2465.0,54.0
2020-09-11 14:50:00,2465.0,2465.0,2465.0,2465.0,23.0
2020-09-11 14:55:00,2465.0,2465.0,2465.0,2465.0,4.0
2020-09-11 15:00:00,2465.0,2465.0,2465.0,2465.0,13.0
2020-09-11 15:05:00,2465.0,2465.0,2465.0,2465.0,8.0
2020-09-11 15:10:00,2465.0,2466.0,2465.0,2466.0,19.0
2020-09-11 15:15:00,2465.0,2465.0,2460.699951171875,2460.699951171875,20.0
2020-09-11 15:20:00,2454.60009765625,2468.949951171875,2454.60009765625,2468.949951171875,49.0
2020-09-11 15:25:00,2460.0,2469.0,2460.0,2462.800048828125,44.0
2020-09-14 09:15:00,2462.0,2475.0,2455.0,2475.0,0.0
2020-09-14 09:20:00,2483.699951171875,2529.0,2483.699951171875,2525.0,380.0
2020-09-14 09:25:00,2525.050048828125,2528.0,2525.0,2525.050048828125,110.0
2020-09-14 09:30:00,2525.050048828125,2560.0,2525.0,2560.0,422.0
2020-09-14 09:35:00,2567.89990234375,2580.0,2565.0,2568.0,598.0
2020-09-14 09:40:00,2568.0,2588.0,2565.300048828125,2582.75,231.0
2020-09-14 09:45:00,2581.0,2584.0,2565.0,2565.0,662.0
2020-09-14 09:50:00,2566.60009765625,2566.60009765625,2565.0,2565.050048828125,219.0
2020-09-14 09:55:00,2565.050048828125,2583.85009765625,2565.0,2579.25,31.0
2020-09-14 10:00:00,2572.35009765625,2583.949951171875,2566.60009765625,2570.0,145.0
2020-09-14 10:05:00,2572.0,2595.449951171875,2565.050048828125,2565.050048828125,348.0
2020-09-14 10:10:00,2575.0,2575.0,2569.800048828125,2569.800048828125,28.0
2020-09-14 10:15:00,2565.050048828125,2573.050048828125,2565.050048828125,2566.60009765625,22.0
2020-09-14 10:20:00,2568.0,2572.550048828125,2568.0,2572.550048828125,6.0
2020-09-14 10:25:00,2565.0,2565.050048828125,2565.0,2565.050048828125,62.0
2020-09-14 10:30:00,2565.050048828125,2569.949951171875,2565.050048828125,2569.949951171875,25.0
2020-09-14 10:35:00,2565.050048828125,2565.050048828125,2565.050048828125,2565.050048828125,45.0
2020-09-14 10:40:00,2569.0,2572.5,2565.050048828125,2565.050048828125,16.0
2020-09-14 10:45:00,2570.0,2570.0,2570.0,2570.0,11.0
2020-09-14 10:50:00,2565.35009765625,2565.35009765625,2565.050048828125,2565.050048828125,55.0
2020-09-14 10:55:00,2565.050048828125,2570.0,2565.050048828125,2565.050048828125,30.0
2020-09-14 11:00:00,2565.050048828125,2568.89990234375,2565.050048828125,2565.10009765625,14.0
2020-09-14 11:05:00,2565.050048828125,2565.050048828125,2565.0,2565.0,119.0
2020-09-14 11:10:00,2565.0,2565.0,2565.0,2565.0,75.0
2020-09-14 11:15:00,2568.0,2568.89990234375,2565.0,2565.0,184.0
2020-09-14 11:20:00,2565.050048828125,2565.050048828125,2565.050048828125,2565.050048828125,0.0
2020-09-14 11:25:00,2565.050048828125,2568.800048828125,2565.0,2566.0,77.0
2020-09-14 11:30:00,2578.39990234375,2581.0,2572.0,2581.0,342.0
2020-09-14 11:35:00,2583.050048828125,2589.449951171875,2565.050048828125,2584.25,77.0
2020-09-14 11:40:00,2583.949951171875,2588.0,2573.10009765625,2573.10009765625,156.0
2020-09-14 11:45:00,2572.050048828125,2576.85009765625,2572.050048828125,2576.85009765625,1.0
2020-09-14 11:50:00,2575.699951171875,2575.699951171875,2575.699951171875,2575.699951171875,2.0
2020-09-14 11:55:00,2576.85009765625,2576.85009765625,2540.10009765625,2544.300048828125,371.0
2020-09-14 12:00:00,2545.0,2552.550048828125,2544.14990234375,2545.0,73.0
2020-09-14 12:05:00,2550.0,2552.949951171875,2545.10009765625,2545.5,36.0
2020-09-14 12:10:00,2550.0,2560.60009765625,2540.0,2542.10009765625,275.0
2020-09-14 12:15:00,2540.5,2547.449951171875,2512.5,2512.5,351.0
2020-09-14 12:20:00,2521.39990234375,2534.64990234375,2521.39990234375,2534.64990234375,13.0
2020-09-14 12:25:00,2530.300048828125,2532.75,2516.0,2524.14990234375,444.0
2020-09-14 12:30:00,2521.89990234375,2530.050048828125,2516.0,2516.0,22.0
2020-09-14 12:35:00,2515.0,2515.0,2512.300048828125,2512.300048828125,3.0
2020-09-14 12:40:00,2512.25,2512.300048828125,2510.0,2510.0,22.0
2020-09-14 12:45:00,2513.60009765625,2513.60009765625,2509.949951171875,2509.949951171875,76.0
2020-09-14 12:50:00,2510.0,2510.0,2510.0,2510.0,28.0
2020-09-14 12:55:00,2508.449951171875,2508.449951171875,2506.0,2506.0,361.0
2020-09-14 13:00:00,2510.0,2510.0,2510.0,2510.0,0.0
2020-09-14 13:10:00,2508.0,2510.0,2508.0,2509.949951171875,32.0
2020-09-14 13:20:00,2510.0,2510.0,2506.0,2506.0,27.0
2020-09-14 13:25:00,2510.0,2510.0,2510.0,2510.0,4.0
2020-09-14 13:30:00,2506.0,2506.0,2506.0,2506.0,10.0
2020-09-14 13:35:00,2506.0,2510.0,2506.0,2510.0,10.0
2020-09-14 13:40:00,2510.0,2510.0,2510.0,2510.0,1.0
2020-09-14 13:45:00,2505.0,2505.0,2505.0,2505.0,95.0
2020-09-14 13:55:00,2505.0,2505.0,2505.0,2505.0,62.0
2020-09-14 14:00:00,2505.0,2509.89990234375,2502.0,2509.699951171875,61.0
2020-09-14 14:05:00,2498.64990234375,2498.64990234375,2496.0,2498.60009765625,77.0
2020-09-14 14:10:00,2489.949951171875,2489.949951171875,2489.949951171875,2489.949951171875,25.0
2020-09-14 14:15:00,2487.64990234375,2489.949951171875,2487.64990234375,2489.949951171875,2.0
2020-09-14 14:20:00,2490.0,2490.0,2490.0,2490.0,91.0
2020-09-14 14:25:00,2490.0,2500.0,2490.0,2500.0,100.0
2020-09-14 14:30:00,2508.300048828125,2508.300048828125,2508.300048828125,2508.300048828125,0.0
2020-09-14 14:35:00,2508.949951171875,2509.0,2508.949951171875,2509.0,30.0
2020-09-14 14:40:00,2509.0,2509.0,2509.0,2509.0,0.0
2020-09-14 14:45:00,2502.0,2505.0,2502.0,2505.0,115.0
2020-09-14 14:50:00,2505.0,2514.25,2505.0,2514.25,90.0
2020-09-14 14:55:00,2525.0,2540.0,2513.64990234375,2539.800048828125,201.0
2020-09-14 15:00:00,2540.0,2565.0,2539.949951171875,2550.89990234375,416.0
2020-09-14 15:05:00,2564.949951171875,2569.699951171875,2537.550048828125,2569.699951171875,455.0
2020-09-14 15:10:00,2569.699951171875,2585.0,2555.300048828125,2579.949951171875,690.0
2020-09-14 15:15:00,2575.050048828125,2599.0,2575.0,2583.449951171875,621.0
2020-09-14 15:20:00,2583.5,2595.0,2583.449951171875,2592.0,106.0
2020-09-14 15:25:00,2594.0,2595.0,2573.5,2573.5,238.0
2020-09-15 09:15:00,2603.0,2603.0,2565.0,2567.199951171875,0.0
2020-09-15 09:20:00,2566.199951171875,2570.60009765625,2562.85009765625,2562.85009765625,78.0
2020-09-15 09:25:00,2575.0,2575.0,2562.89990234375,2562.89990234375,122.0
2020-09-15 09:30:00,2552.89990234375,2552.89990234375,2545.550048828125,2550.050048828125,126.0
2020-09-15 09:35:00,2550.050048828125,2560.050048828125,2550.0,2560.050048828125,37.0
2020-09-15 09:40:00,2570.0,2575.0,2567.35009765625,2567.35009765625,51.0
2020-09-15 09:45:00,2572.699951171875,2572.699951171875,2557.0,2557.0,9.0
2020-09-15 09:50:00,2550.14990234375,2550.14990234375,2550.0,2550.0,44.0
2020-09-15 09:55:00,2550.10009765625,2550.10009765625,2544.949951171875,2544.949951171875,17.0
2020-09-15 10:00:00,2542.050048828125,2542.050048828125,2522.39990234375,2522.449951171875,151.0
2020-09-15 10:05:00,2523.0,2541.699951171875,2523.0,2532.699951171875,98.0
2020-09-15 10:10:00,2530.0,2530.0,2530.0,2530.0,1.0
2020-09-15 10:15:00,2533.449951171875,2540.39990234375,2533.39990234375,2540.300048828125,80.0
2020-09-15 10:20:00,2540.300048828125,2540.300048828125,2534.050048828125,2539.75,21.0
2020-09-15 10:25:00,2539.75,2539.75,2534.050048828125,2534.050048828125,18.0
2020-09-15 10:30:00,2534.14990234375,2537.5,2534.10009765625,2534.10009765625,4.0
2020-09-15 10:40:00,2537.35009765625,2537.35009765625,2534.0,2534.0,6.0
2020-09-15 10:45:00,2534.0,2534.10009765625,2530.050048828125,2532.0,26.0
2020-09-15 10:50:00,2530.25,2531.949951171875,2530.0,2530.0,10.0
2020-09-15 10:55:00,2531.89990234375,2531.89990234375,2530.0,2530.0,10.0
2020-09-15 11:00:00,2530.0,2530.0,2530.0,2530.0,12.0
2020-09-15 11:05:00,2530.0,2531.35009765625,2528.050048828125,2528.050048828125,16.0
2020-09-15 11:10:00,2531.199951171875,2536.949951171875,2528.050048828125,2528.050048828125,726.0
2020-09-15 11:15:00,2525.0,2525.0,2516.0,2522.10009765625,111.0
2020-09-15 11:20:00,2522.10009765625,2522.10009765625,2522.10009765625,2522.10009765625,2.0
2020-09-15 11:25:00,2522.10009765625,2525.75,2522.10009765625,2525.75,34.0
2020-09-15 11:30:00,2525.75,2525.75,2525.75,2525.75,2.0
2020-09-15 11:35:00,2526.050048828125,2526.050048828125,2526.050048828125,2526.050048828125,3.0
2020-09-15 11:45:00,2526.0,2526.0,2526.0,2526.0,1.0
2020-09-15 11:50:00,2531.300048828125,2531.300048828125,2526.14990234375,2526.14990234375,4.0
2020-09-15 12:00:00,2526.10009765625,2526.10009765625,2526.10009765625,2526.10009765625,1.0
2020-09-15 12:10:00,2526.10009765625,2526.10009765625,2522.0,2522.0,75.0
2020-09-15 12:15:00,2525.0,2525.0,2525.0,2525.0,0.0
2020-09-15 12:20:00,2525.0,2525.0,2522.0,2522.0,5.0
2020-09-15 12:25:00,2522.0,2522.0,2522.0,2522.0,3.0
2020-09-15 12:35:00,2524.0,2524.0,2522.0,2523.949951171875,8.0
2020-09-15 12:40:00,2524.0,2538.699951171875,2524.0,2531.10009765625,65.0
2020-09-15 12:45:00,2531.10009765625,2534.449951171875,2531.10009765625,2534.449951171875,15.0
2020-09-15 12:50:00,2534.449951171875,2534.449951171875,2534.449951171875,2534.449951171875,0.0
2020-09-15 12:55:00,2534.449951171875,2534.449951171875,2534.449951171875,2534.449951171875,2.0
2020-09-15 13:00:00,2527.699951171875,2527.699951171875,2527.699951171875,2527.699951171875,0.0
2020-09-15 13:05:00,2527.0,2533.89990234375,2527.0,2530.0,21.0
2020-09-15 13:10:00,2526.0,2529.64990234375,2525.0,2525.0,12.0
2020-09-15 13:20:00,2525.89990234375,2534.5,2520.0,2534.449951171875,566.0
2020-09-15 13:25:00,2528.550048828125,2528.550048828125,2519.39990234375,2527.449951171875,119.0
2020-09-15 13:30:00,2527.449951171875,2534.199951171875,2527.449951171875,2534.199951171875,64.0
2020-09-15 13:35:00,2539.0,2539.0,2539.0,2539.0,2.0
2020-09-15 13:40:00,2539.0,2540.0,2539.0,2540.0,20.0
2020-09-15 13:55:00,2539.0,2539.0,2539.0,2539.0,8.0
2020-09-15 14:00:00,2533.800048828125,2533.800048828125,2533.800048828125,2533.800048828125,9.0
2020-09-15 14:10:00,2538.699951171875,2538.699951171875,2538.699951171875,2538.699951171875,29.0
2020-09-15 14:15:00,2538.699951171875,2538.699951171875,2538.699951171875,2538.699951171875,0.0
2020-09-15 14:20:00,2538.699951171875,2538.800048828125,2538.699951171875,2538.800048828125,16.0
2020-09-15 14:25:00,2538.800048828125,2538.89990234375,2538.10009765625,2538.10009765625,48.0
2020-09-15 14:30:00,2538.050048828125,2538.050048828125,2534.199951171875,2536.800048828125,48.0
2020-09-15 14:35:00,2536.64990234375,2537.35009765625,2529.949951171875,2531.0,120.0
2020-09-15 14:40:00,2534.0,2534.0,2450.0,2494.89990234375,7886.0
2020-09-15 14:45:00,2494.0,2494.800048828125,2487.0,2488.050048828125,368.0
2020-09-15 14:50:00,2487.300048828125,2502.85009765625,2487.300048828125,2502.85009765625,136.0
2020-09-15 14:55:00,2506.949951171875,2517.0,2506.949951171875,2516.89990234375,26.0
2020-09-15 15:00:00,2511.0,2511.0,2502.0,2504.050048828125,246.0
2020-09-15 15:05:00,2500.0,2524.85009765625,2500.0,2520.0,620.0
2020-09-15 15:10:00,2521.5,2522.949951171875,2519.60009765625,2521.949951171875,552.0
2020-09-15 15:15:00,2520.800048828125,2526.949951171875,2518.550048828125,2521.60009765625,806.0
2020-09-15 15:20:00,2520.35009765625,2523.89990234375,2509.10009765625,2522.89990234375,798.0
2020-09-15 15:25:00,2521.25,2529.0,2505.0,2505.35009765625,593.0
2020-09-16 09:15:00,2502.050048828125,2518.550048828125,2502.050048828125,2518.550048828125,0.0
2020-09-16 09:20:00,2510.550048828125,2515.699951171875,2510.550048828125,2515.699951171875,14.0
2020-09-16 09:25:00,2514.64990234375,2515.050048828125,2514.64990234375,2515.050048828125,13.0
2020-09-16 09:30:00,2520.0,2522.300048828125,2500.0,2500.0,202.0
2020-09-16 09:35:00,2500.0,2505.5,2500.0,2505.449951171875,99.0
2020-09-16 09:40:00,2505.449951171875,2509.39990234375,2503.5,2509.39990234375,75.0
2020-09-16 09:45:00,2514.300048828125,2514.300048828125,2514.300048828125,2514.300048828125,1.0
2020-09-16 09:50:00,2503.0,2503.0,2503.0,2503.0,88.0
2020-09-16 09:55:00,2512.5,2512.5,2512.5,2512.5,0.0
2020-09-16 10:00:00,2512.5,2512.5,2512.5,2512.5,0.0
2020-09-16 10:10:00,2505.0,2505.0,2503.0,2503.0,97.0
2020-09-16 10:15:00,2503.050048828125,2504.85009765625,2503.050048828125,2504.85009765625,30.0
2020-09-16 10:20:00,2503.0,2503.0,2503.0,2503.0,46.0
2020-09-16 10:25:00,2508.89990234375,2508.89990234375,2508.85009765625,2508.85009765625,5.0
2020-09-16 10:30:00,2509.199951171875,2509.199951171875,2509.199951171875,2509.199951171875,5.0
2020-09-16 10:40:00,2510.39990234375,2515.0,2510.39990234375,2515.0,30.0
2020-09-16 10:50:00,2515.0,2515.0,2515.0,2515.0,33.0
2020-09-16 10:55:00,2513.550048828125,2513.550048828125,2513.550048828125,2513.550048828125,11.0
2020-09-16 11:00:00,2522.800048828125,2522.800048828125,2516.39990234375,2516.39990234375,5.0
2020-09-16 11:05:00,2515.0,2515.0,2515.0,2515.0,84.0
2020-09-16 11:10:00,2519.949951171875,2519.949951171875,2518.050048828125,2518.050048828125,43.0
2020-09-16 11:15:00,2520.0,2525.550048828125,2518.0,2518.0,23.0
2020-09-16 11:20:00,2516.39990234375,2516.39990234375,2516.39990234375,2516.39990234375,2.0
2020-09-16 11:25:00,2516.39990234375,2522.60009765625,2515.0,2522.60009765625,18.0
2020-09-16 11:30:00,2515.050048828125,2515.050048828125,2515.0,2515.0,3.0
2020-09-16 11:35:00,2515.0,2515.0,2515.0,2515.0,2.0
2020-09-16 11:40:00,2515.050048828125,2515.050048828125,2515.050048828125,2515.050048828125,2.0
2020-09-16 11:45:00,2525.0,2539.449951171875,2521.75,2528.699951171875,136.0
2020-09-16 11:50:00,2525.0,2525.0,2520.14990234375,2520.14990234375,23.0
2020-09-16 11:55:00,2520.0,2524.949951171875,2516.800048828125,2516.800048828125,59.0
2020-09-16 12:00:00,2516.800048828125,2516.800048828125,2516.800048828125,2516.800048828125,1.0
2020-09-16 12:05:00,2516.800048828125,2516.800048828125,2515.050048828125,2515.050048828125,13.0
2020-09-16 12:10:00,2515.050048828125,2515.050048828125,2503.0,2503.0,202.0
2020-09-16 12:15:00,2503.10009765625,2503.300048828125,2502.0,2502.0,139.0
2020-09-16 12:20:00,2503.0,2503.0,2502.050048828125,2502.050048828125,10.0
2020-09-16 12:25:00,2502.050048828125,2502.050048828125,2502.050048828125,2502.050048828125,5.0
2020-09-16 12:30:00,2503.14990234375,2503.14990234375,2503.14990234375,2503.14990234375,1.0
2020-09-16 12:35:00,2502.050048828125,2502.050048828125,2502.050048828125,2502.050048828125,0.0
2020-09-16 12:40:00,2502.050048828125,2502.050048828125,2500.0,2500.0,174.0
2020-09-16 12:45:00,2500.050048828125,2500.050048828125,2500.0,2500.0,9.0
2020-09-16 12:50:00,2500.050048828125,2500.050048828125,2500.0,2500.0,18.0
2020-09-16 12:55:00,2500.050048828125,2500.050048828125,2500.050048828125,2500.050048828125,8.0
2020-09-16 13:00:00,2500.050048828125,2509.449951171875,2500.050048828125,2509.449951171875,33.0
2020-09-16 13:05:00,2509.449951171875,2515.0,2509.449951171875,2515.0,82.0
2020-09-16 13:10:00,2515.0,2515.0,2515.0,2515.0,1.0
2020-09-16 13:15:00,2515.0,2515.050048828125,2515.0,2515.0,9.0
2020-09-16 13:20:00,2515.0,2515.0,2515.0,2515.0,2.0
2020-09-16 13:25:00,2515.0,2515.0,2515.0,2515.0,39.0
2020-09-16 13:30:00,2515.0,2515.0,2515.0,2515.0,3.0
2020-09-16 13:35:00,2515.0,2515.0,2515.0,2515.0,3.0
2020-09-16 13:40:00,2515.0,2515.0,2515.0,2515.0,14.0
2020-09-16 13:45:00,2511.050048828125,2514.949951171875,2511.050048828125,2514.949951171875,7.0
2020-09-16 13:50:00,2514.949951171875,2518.050048828125,2514.949951171875,2515.14990234375,14.0
2020-09-16 13:55:00,2515.14990234375,2530.0,2515.14990234375,2530.0,148.0
2020-09-16 14:00:00,2522.0,2529.85009765625,2521.800048828125,2521.800048828125,23.0
2020-09-16 14:05:00,2521.75,2521.85009765625,2516.39990234375,2516.39990234375,22.0
2020-09-16 14:10:00,2515.60009765625,2516.64990234375,2502.800048828125,2502.800048828125,32.0
2020-09-16 14:15:00,2502.10009765625,2512.10009765625,2501.699951171875,2502.050048828125,35.0
2020-09-16 14:20:00,2502.050048828125,2509.85009765625,2502.050048828125,2509.050048828125,10.0
2020-09-16 14:25:00,2509.10009765625,2509.10009765625,2509.10009765625,2509.10009765625,2.0
2020-09-16 14:30:00,2502.25,2509.050048828125,2502.25,2509.050048828125,11.0
2020-09-16 14:35:00,2507.0,2507.0,2507.0,2507.0,14.0
2020-09-16 14:45:00,2507.0,2509.14990234375,2507.0,2509.14990234375,0.0
2020-09-16 14:55:00,2510.0,2515.0,2510.0,2510.050048828125,54.0
2020-09-16 15:00:00,2510.0,2515.0,2509.89990234375,2514.800048828125,163.0
2020-09-16 15:05:00,2514.949951171875,2514.949951171875,2510.0,2513.949951171875,328.0
2020-09-16 15:10:00,2513.949951171875,2513.949951171875,2507.050048828125,2511.949951171875,277.0
2020-09-16 15:15:00,2507.0,2512.800048828125,2505.0,2510.85009765625,402.0
2020-09-16 15:20:00,2510.85009765625,2513.949951171875,2510.0,2513.949951171875,935.0
2020-09-16 15:25:00,2513.800048828125,2514.0,2506.0,2511.699951171875,792.0
2020-09-17 09:15:00,2511.699951171875,2522.699951171875,2511.699951171875,2522.699951171875,0.0
2020-09-17 09:20:00,2517.050048828125,2530.0,2512.0,2520.0,372.0
2020-09-17 09:25:00,2520.0,2520.0,2489.949951171875,2490.0,202.0
2020-09-17 09:30:00,2490.0,2490.0,2490.0,2490.0,54.0
2020-09-17 09:35:00,2490.0,2490.0,2490.0,2490.0,65.0
2020-09-17 09:40:00,2489.89990234375,2489.89990234375,2485.0,2485.0,21.0
2020-09-17 09:45:00,2484.949951171875,2501.0,2484.949951171875,2501.0,254.0
2020-09-17 09:55:00,2501.60009765625,2501.60009765625,2501.0,2501.0,79.0
2020-09-17 10:00:00,2507.949951171875,2507.949951171875,2507.949951171875,2507.949951171875,0.0
2020-09-17 10:05:00,2501.0,2501.0,2501.0,2501.0,10.0
2020-09-17 10:10:00,2501.0,2508.0,2501.0,2508.0,38.0
2020-09-17 10:25:00,2507.949951171875,2507.949951171875,2507.949951171875,2507.949951171875,4.0
2020-09-17 10:35:00,2507.949951171875,2507.949951171875,2507.949951171875,2507.949951171875,0.0
2020-09-17 10:40:00,2507.89990234375,2507.89990234375,2507.89990234375,2507.89990234375,8.0
2020-09-17 10:55:00,2507.800048828125,2507.800048828125,2501.050048828125,2501.050048828125,9.0
2020-09-17 11:00:00,2507.75,2507.75,2501.050048828125,2501.050048828125,17.0
2020-09-17 11:05:00,2501.050048828125,2507.699951171875,2501.050048828125,2507.699951171875,0.0
2020-09-17 11:10:00,2501.14990234375,2501.14990234375,2501.0,2501.0,3.0
2020-09-17 11:15:00,2500.0,2500.0,2500.0,2500.0,54.0
2020-09-17 11:20:00,2500.0,2507.5,2500.0,2500.10009765625,7.0
2020-09-17 11:25:00,2500.10009765625,2500.10009765625,2500.0,2500.0,8.0
2020-09-17 11:30:00,2500.0,2500.0,2500.0,2500.0,7.0
2020-09-17 11:35:00,2500.0,2508.5,2500.0,2507.39990234375,104.0
2020-09-17 11:40:00,2500.050048828125,2507.64990234375,2500.050048828125,2507.64990234375,4.0
2020-09-17 11:45:00,2501.10009765625,2501.10009765625,2501.10009765625,2501.10009765625,3.0
2020-09-17 11:50:00,2501.10009765625,2507.0,2500.050048828125,2504.89990234375,13.0
2020-09-17 11:55:00,2500.050048828125,2500.050048828125,2500.0,2500.0,3.0
2020-09-17 12:00:00,2500.0,2504.89990234375,2500.0,2500.050048828125,5.0
2020-09-17 12:05:00,2500.0,2507.949951171875,2500.0,2504.35009765625,43.0
2020-09-17 12:10:00,2501.35009765625,2501.449951171875,2501.35009765625,2501.449951171875,3.0
2020-09-17 12:15:00,2501.5,2501.550048828125,2501.0,2501.0,8.0
2020-09-17 12:20:00,2500.800048828125,2500.800048828125,2500.0,2500.0,3.0
2020-09-17 12:25:00,2500.0,2500.0,2491.0,2491.0,16.0
2020-09-17 12:30:00,2485.0,2485.0,2484.0,2484.0,30.0
2020-09-17 12:35:00,2490.0,2492.949951171875,2490.0,2492.949951171875,164.0
2020-09-17 12:40:00,2492.949951171875,2494.0,2492.949951171875,2494.0,76.0
2020-09-17 12:50:00,2490.050048828125,2490.050048828125,2490.050048828125,2490.050048828125,0.0
2020-09-17 12:55:00,2496.10009765625,2496.10009765625,2496.10009765625,2496.10009765625,2.0
2020-09-17 13:05:00,2490.050048828125,2490.050048828125,2490.050048828125,2490.050048828125,14.0
2020-09-17 13:15:00,2495.949951171875,2496.0,2489.699951171875,2489.699951171875,14.0
2020-09-17 13:20:00,2495.949951171875,2495.949951171875,2495.949951171875,2495.949951171875,1.0
2020-09-17 13:50:00,2495.949951171875,2495.949951171875,2495.949951171875,2495.949951171875,11.0
2020-09-17 14:05:00,2498.300048828125,2498.300048828125,2498.300048828125,2498.300048828125,0.0
2020-09-17 14:20:00,2491.050048828125,2491.050048828125,2491.050048828125,2491.050048828125,1762.0
2020-09-17 14:30:00,2491.25,2491.25,2491.25,2491.25,8.0
2020-09-17 14:40:00,2495.89990234375,2497.550048828125,2495.89990234375,2497.550048828125,6.0
2020-09-17 14:45:00,2491.300048828125,2495.89990234375,2491.300048828125,2495.89990234375,0.0
2020-09-17 14:50:00,2490.0,2490.0,2490.0,2490.0,35.0
2020-09-17 14:55:00,2497.550048828125,2497.550048828125,2497.550048828125,2497.550048828125,0.0
2020-09-17 15:00:00,2490.050048828125,2490.050048828125,2490.050048828125,2490.050048828125,9.0
2020-09-17 15:10:00,2494.0,2494.0,2490.0,2490.0,186.0
2020-09-17 15:15:00,2490.0,2490.0,2487.0,2490.0,0.0
2020-09-17 15:20:00,2487.0,2487.050048828125,2487.0,2487.050048828125,47.0
2020-09-17 15:25:00,2493.050048828125,2497.0,2487.0,2489.25,49.0
2020-09-18 09:15:00,2480.050048828125,2500.0,2480.050048828125,2500.0,0.0
2020-09-18 09:20:00,2500.0,2500.0,2493.85009765625,2493.85009765625,5.0
2020-09-18 09:25:00,2501.35009765625,2501.35009765625,2501.35009765625,2501.35009765625,1.0
2020-09-18 09:30:00,2500.949951171875,2500.949951171875,2499.949951171875,2500.0,6.0
2020-09-18 09:35:00,2492.800048828125,2493.0,2492.800048828125,2493.0,26.0
2020-09-18 09:40:00,2493.0,2493.0,2488.949951171875,2488.949951171875,27.0
2020-09-18 09:45:00,2485.0,2485.0,2485.0,2485.0,9.0
2020-09-18 09:50:00,2485.0,2485.0,2482.0,2482.0,18.0
2020-09-18 09:55:00,2482.0,2482.0,2482.0,2482.0,4.0
2020-09-18 10:00:00,2492.699951171875,2492.699951171875,2484.0,2488.0,27.0
2020-09-18 10:05:00,2484.0,2484.0,2484.0,2484.0,5.0
2020-09-18 10:10:00,2487.949951171875,2487.949951171875,2487.949951171875,2487.949951171875,0.0
2020-09-18 10:15:00,2488.0,2488.0,2488.0,2488.0,6.0
2020-09-18 10:25:00,2484.0,2484.0,2482.050048828125,2482.050048828125,11.0
2020-09-18 10:30:00,2482.0,2482.0,2481.949951171875,2481.949951171875,21.0
2020-09-18 10:35:00,2481.949951171875,2481.949951171875,2481.949951171875,2481.949951171875,0.0
2020-09-18 10:40:00,2480.0,2481.949951171875,2477.449951171875,2477.449951171875,6.0
2020-09-18 10:45:00,2476.0,2476.0,2476.0,2476.0,37.0
2020-09-18 10:50:00,2476.050048828125,2481.64990234375,2476.050048828125,2481.64990234375,14.0
2020-09-18 10:55:00,2483.199951171875,2484.0,2483.199951171875,2484.0,16.0
2020-09-18 11:00:00,2484.0,2484.0,2484.0,2484.0,1.0
2020-09-18 11:05:00,2483.050048828125,2483.050048828125,2483.050048828125,2483.050048828125,4.0
2020-09-18 11:10:00,2483.050048828125,2485.699951171875,2483.050048828125,2485.699951171875,13.0
2020-09-18 11:15:00,2485.699951171875,2485.699951171875,2483.0,2483.0,0.0
2020-09-18 11:20:00,2483.0,2483.0,2483.0,2483.0,2.0
2020-09-18 11:25:00,2483.0,2487.5,2483.0,2487.5,7.0
2020-09-18 11:30:00,2483.0,2493.0,2483.0,2487.050048828125,26.0
2020-09-18 11:35:00,2486.60009765625,2486.60009765625,2486.199951171875,2486.199951171875,4.0
2020-09-18 11:40:00,2486.10009765625,2486.10009765625,2485.35009765625,2485.35009765625,2.0
2020-09-18 11:45:00,2485.0,2493.0,2483.949951171875,2484.10009765625,29.0
2020-09-18 11:50:00,2484.10009765625,2484.10009765625,2484.050048828125,2484.050048828125,3.0
2020-09-18 11:55:00,2484.050048828125,2493.0,2484.050048828125,2484.14990234375,16.0
2020-09-18 12:00:00,2484.14990234375,2484.14990234375,2484.050048828125,2484.050048828125,2.0
2020-09-18 12:05:00,2483.949951171875,2484.0,2483.949951171875,2484.0,2.0
2020-09-18 12:10:00,2484.0,2484.0,2443.14990234375,2448.949951171875,766.0
2020-09-18 12:15:00,2447.0,2450.0,2444.0,2450.0,363.0
2020-09-18 12:20:00,2450.0,2470.0,2450.0,2470.0,859.0
2020-09-18 12:25:00,2471.60009765625,2482.60009765625,2470.0,2470.199951171875,4.0
2020-09-18 12:35:00,2470.0,2470.0,2470.0,2470.0,89.0
2020-09-18 12:40:00,2470.050048828125,2470.050048828125,2470.050048828125,2470.050048828125,0.0
2020-09-18 12:45:00,2479.25,2479.25,2479.25,2479.25,8.0
2020-09-18 12:50:00,2470.14990234375,2470.14990234375,2470.14990234375,2470.14990234375,0.0
2020-09-18 13:00:00,2470.0,2479.050048828125,2468.64990234375,2479.050048828125,281.0
2020-09-18 13:05:00,2478.89990234375,2478.89990234375,2478.89990234375,2478.89990234375,0.0
2020-09-18 13:10:00,2477.949951171875,2477.949951171875,2465.85009765625,2465.85009765625,57.0
2020-09-18 13:20:00,2460.550048828125,2470.0,2460.550048828125,2470.0,29.0
2020-09-18 13:30:00,2469.949951171875,2469.949951171875,2460.050048828125,2469.449951171875,52.0
2020-09-18 13:35:00,2460.39990234375,2469.39990234375,2459.0,2460.35009765625,124.0
2020-09-18 13:40:00,2455.0,2459.949951171875,2452.0,2459.949951171875,22.0
2020-09-18 13:45:00,2462.949951171875,2470.0,2462.949951171875,2463.35009765625,99.0
2020-09-18 13:50:00,2463.35009765625,2463.35009765625,2463.35009765625,2463.35009765625,0.0
2020-09-18 14:00:00,2470.0,2471.699951171875,2470.0,2471.699951171875,7.0
2020-09-18 14:05:00,2470.800048828125,2470.800048828125,2470.75,2470.75,14.0
2020-09-18 14:10:00,2470.0,2470.0,2470.0,2470.0,0.0
2020-09-18 14:15:00,2471.300048828125,2471.300048828125,2471.300048828125,2471.300048828125,251.0
2020-09-18 14:20:00,2462.64990234375,2470.0,2462.64990234375,2470.0,26.0
2020-09-18 14:25:00,2449.949951171875,2449.949951171875,2445.0,2445.14990234375,174.0
2020-09-18 14:30:00,2448.39990234375,2449.949951171875,2442.64990234375,2442.64990234375,8.0
2020-09-18 14:35:00,2442.550048828125,2448.550048828125,2442.550048828125,2443.050048828125,3.0
2020-09-18 14:40:00,2443.050048828125,2450.0,2443.050048828125,2445.050048828125,90.0
2020-09-18 14:45:00,2448.39990234375,2450.0,2448.39990234375,2450.0,14.0
2020-09-18 14:50:00,2450.0,2468.0,2450.0,2468.0,354.0
2020-09-18 14:55:00,2455.800048828125,2464.0,2455.800048828125,2464.0,1.0
2020-09-18 15:00:00,2456.35009765625,2460.199951171875,2440.0,2440.0,150.0
2020-09-18 15:05:00,2440.0,2444.0,2432.64990234375,2433.0,179.0
2020-09-18 15:10:00,2430.800048828125,2433.0,2426.0,2427.85009765625,139.0
2020-09-18 15:15:00,2427.949951171875,2428.0,2422.0,2422.0,215.0
2020-09-18 15:20:00,2422.0,2430.0,2422.0,2427.0,219.0
2020-09-18 15:25:00,2427.0,2450.0,2425.0,2432.64990234375,211.0
2020-09-21 09:15:00,2435.0,2453.35009765625,2435.0,2440.050048828125,0.0
2020-09-21 09:20:00,2440.0,2445.0,2440.0,2445.0,58.0
2020-09-21 09:25:00,2449.75,2450.449951171875,2441.89990234375,2443.0,33.0
2020-09-21 09:30:00,2451.35009765625,2451.35009765625,2451.35009765625,2451.35009765625,0.0
2020-09-21 09:35:00,2454.550048828125,2466.050048828125,2454.550048828125,2466.050048828125,76.0
2020-09-21 09:40:00,2471.300048828125,2475.0,2468.10009765625,2468.10009765625,86.0
2020-09-21 09:45:00,2466.050048828125,2466.050048828125,2447.64990234375,2447.64990234375,106.0
2020-09-21 09:50:00,2441.85009765625,2463.449951171875,2441.85009765625,2463.449951171875,72.0
2020-09-21 09:55:00,2464.949951171875,2465.0,2464.949951171875,2465.0,66.0
2020-09-21 10:00:00,2465.35009765625,2468.10009765625,2465.35009765625,2468.10009765625,0.0
2020-09-21 10:05:00,2473.60009765625,2473.60009765625,2473.449951171875,2473.449951171875,81.0
2020-09-21 10:10:00,2468.550048828125,2472.75,2468.550048828125,2472.75,39.0
2020-09-21 10:20:00,2468.550048828125,2468.550048828125,2460.0,2460.0,8.0
2020-09-21 10:25:00,2459.949951171875,2459.949951171875,2452.10009765625,2452.10009765625,7.0
2020-09-21 10:30:00,2452.10009765625,2452.10009765625,2452.050048828125,2452.050048828125,1.0
2020-09-21 10:35:00,2461.14990234375,2461.14990234375,2453.89990234375,2457.800048828125,74.0
2020-09-21 10:40:00,2457.800048828125,2457.800048828125,2450.949951171875,2450.949951171875,5.0
2020-09-21 10:45:00,2456.75,2456.75,2444.050048828125,2444.050048828125,33.0
2020-09-21 10:50:00,2444.050048828125,2444.050048828125,2444.050048828125,2444.050048828125,2.0
2020-09-21 10:55:00,2450.39990234375,2450.39990234375,2444.14990234375,2450.39990234375,8.0
2020-09-21 11:00:00,2444.199951171875,2444.199951171875,2435.0,2435.0,55.0
2020-09-21 11:05:00,2443.949951171875,2443.949951171875,2435.050048828125,2435.050048828125,4.0
2020-09-21 11:10:00,2435.0,2438.85009765625,2435.0,2438.85009765625,6.0
2020-09-21 11:15:00,2435.050048828125,2439.550048828125,2435.050048828125,2435.050048828125,4.0
2020-09-21 11:20:00,2441.75,2442.89990234375,2435.050048828125,2442.89990234375,25.0
2020-09-21 11:25:00,2436.10009765625,2441.75,2436.10009765625,2441.75,1.0
2020-09-21 11:30:00,2436.050048828125,2442.449951171875,2436.050048828125,2436.050048828125,3.0
2020-09-21 11:35:00,2444.64990234375,2444.64990234375,2436.10009765625,2436.10009765625,15.0
2020-09-21 11:40:00,2436.14990234375,2441.699951171875,2430.25,2431.050048828125,64.0
2020-09-21 11:45:00,2432.5,2438.949951171875,2432.5,2432.5,11.0
2020-09-21 11:50:00,2432.5,2432.5,2432.5,2432.5,2.0
2020-09-21 11:55:00,2438.85009765625,2438.85009765625,2438.85009765625,2438.85009765625,3.0
2020-09-21 12:00:00,2427.35009765625,2427.35009765625,2427.35009765625,2427.35009765625,28.0
2020-09-21 12:05:00,2426.449951171875,2435.89990234375,2426.449951171875,2435.89990234375,5.0
2020-09-21 12:10:00,2435.89990234375,2435.89990234375,2435.89990234375,2435.89990234375,2.0
2020-09-21 12:15:00,2435.949951171875,2435.949951171875,2435.949951171875,2435.949951171875,0.0
2020-09-21 12:25:00,2435.0,2444.64990234375,2435.0,2444.64990234375,44.0
2020-09-21 12:30:00,2447.300048828125,2447.550048828125,2447.300048828125,2447.550048828125,4.0
2020-09-21 12:40:00,2447.550048828125,2447.550048828125,2441.85009765625,2447.5,37.0
2020-09-21 12:45:00,2448.0,2448.0,2441.39990234375,2441.39990234375,5.0
2020-09-21 12:50:00,2448.0,2448.0,2433.199951171875,2433.199951171875,38.0
2020-09-21 13:00:00,2430.0,2430.0,2415.800048828125,2415.800048828125,66.0
2020-09-21 13:10:00,2420.050048828125,2420.050048828125,2415.800048828125,2415.800048828125,12.0
2020-09-21 13:20:00,2415.0,2415.0,2399.75,2400.0,318.0
2020-09-21 13:25:00,2400.0,2400.0,2400.0,2400.0,11.0
2020-09-21 13:30:00,2392.050048828125,2398.199951171875,2392.050048828125,2398.0,7.0
2020-09-21 13:35:00,2392.0,2392.0,2392.0,2392.0,28.0
2020-09-21 13:40:00,2398.199951171875,2398.199951171875,2398.199951171875,2398.199951171875,0.0
2020-09-21 13:45:00,2398.10009765625,2400.550048828125,2398.10009765625,2400.0,10.0
2020-09-21 13:55:00,2402.35009765625,2402.35009765625,2402.35009765625,2402.35009765625,10.0
2020-09-21 14:05:00,2400.0,2400.0,2400.0,2400.0,3.0
2020-09-21 14:10:00,2395.0,2395.0,2392.0,2392.0,48.0
2020-09-21 14:20:00,2399.89990234375,2399.89990234375,2399.89990234375,2399.89990234375,18.0
2020-09-21 14:25:00,2399.85009765625,2399.85009765625,2399.85009765625,2399.85009765625,3.0
2020-09-21 14:30:00,2383.89990234375,2395.0,2380.0,2395.0,80.0
2020-09-21 14:35:00,2390.0,2390.0,2375.300048828125,2379.89990234375,40.0
2020-09-21 14:40:00,2389.699951171875,2393.35009765625,2389.699951171875,2393.35009765625,191.0
2020-09-21 14:45:00,2394.10009765625,2394.10009765625,2394.10009765625,2394.10009765625,1.0
2020-09-21 14:50:00,2394.10009765625,2394.10009765625,2394.0,2394.050048828125,57.0
2020-09-21 14:55:00,2394.050048828125,2394.050048828125,2380.0,2380.0,66.0
2020-09-21 15:00:00,2375.550048828125,2384.050048828125,2375.550048828125,2376.449951171875,14.0
2020-09-21 15:05:00,2376.0,2382.550048828125,2373.0,2373.0,69.0
2020-09-21 15:10:00,2370.199951171875,2380.699951171875,2370.199951171875,2380.699951171875,28.0
2020-09-21 15:15:00,2380.39990234375,2380.39990234375,2367.0,2369.300048828125,73.0
2020-09-21 15:20:00,2360.5,2379.949951171875,2360.0,2377.300048828125,64.0
2020-09-21 15:25:00,2369.64990234375,2369.949951171875,2350.0,2368.199951171875,83.0
2020-09-22 09:15:00,2350.0,2361.39990234375,2350.0,2360.85009765625,0.0
2020-09-22 09:20:00,2361.0,2375.14990234375,2360.0,2360.0,48.0
2020-09-22 09:25:00,2360.0,2360.0,2341.300048828125,2341.300048828125,97.0
2020-09-22 09:30:00,2349.0,2349.0,2335.85009765625,2335.85009765625,111.0
2020-09-22 09:35:00,2334.64990234375,2334.64990234375,2324.0,2324.0,53.0
2020-09-22 09:40:00,2324.0,2324.0,2320.0,2320.0,27.0
2020-09-22 09:45:00,2323.64990234375,2324.0,2317.39990234375,2324.0,33.0
2020-09-22 09:50:00,2316.300048828125,2316.35009765625,2310.0,2310.0,108.0
2020-09-22 09:55:00,2314.75,2315.64990234375,2310.050048828125,2315.64990234375,36.0
2020-09-22 10:00:00,2324.0,2324.0,2312.0,2312.0,40.0
2020-09-22 10:05:00,2312.050048828125,2324.0,2312.050048828125,2312.85009765625,12.0
2020-09-22 10:10:00,2324.0,2324.0,2313.800048828125,2323.75,13.0
2020-09-22 10:15:00,2324.0,2324.0,2315.10009765625,2321.550048828125,63.0
2020-09-22 10:20:00,2324.0,2324.0,2321.550048828125,2321.550048828125,14.0
2020-09-22 10:25:00,2318.39990234375,2318.39990234375,2315.050048828125,2318.0,65.0
2020-09-22 10:30:00,2322.949951171875,2324.0,2315.10009765625,2317.25,69.0
2020-09-22 10:35:00,2319.0,2324.0,2319.0,2321.050048828125,15.0
2020-09-22 10:40:00,2324.0,2324.0,2318.0,2318.0,95.0
2020-09-22 10:45:00,2315.5,2322.0,2315.5,2322.0,34.0
2020-09-22 10:50:00,2323.949951171875,2323.949951171875,2322.0,2322.0,14.0
2020-09-22 10:55:00,2323.949951171875,2323.949951171875,2322.0,2322.0,2.0
2020-09-22 11:00:00,2324.0,2324.0,2322.0,2322.0,12.0
2020-09-22 11:05:00,2323.0,2323.0,2322.0,2322.0,84.0
2020-09-22 11:10:00,2323.949951171875,2324.0,2322.0,2324.0,19.0
2020-09-22 11:15:00,2323.949951171875,2325.0,2322.050048828125,2325.0,53.0
2020-09-22 11:25:00,2330.0,2330.0,2327.050048828125,2327.050048828125,13.0
2020-09-22 11:30:00,2325.0,2340.75,2322.050048828125,2337.300048828125,162.0
2020-09-22 11:35:00,2339.35009765625,2339.35009765625,2333.25,2333.25,7.0
2020-09-22 11:40:00,2333.25,2339.35009765625,2332.5,2339.35009765625,18.0
2020-09-22 11:45:00,2332.5,2332.5,2332.5,2332.5,2.0
2020-09-22 11:50:00,2339.199951171875,2339.199951171875,2330.0,2330.0,129.0
2020-09-22 11:55:00,2338.0,2338.0,2330.14990234375,2331.0,25.0
2020-09-22 12:05:00,2331.0,2331.0,2331.0,2331.0,7.0
2020-09-22 12:10:00,2339.949951171875,2339.949951171875,2332.5,2332.5,12.0
2020-09-22 12:20:00,2339.0,2339.0,2338.0,2339.0,4.0
2020-09-22 12:30:00,2335.0,2340.0,2335.0,2340.0,150.0
2020-09-22 12:35:00,2340.0,2341.35009765625,2340.0,2341.35009765625,3.0
2020-09-22 12:40:00,2335.050048828125,2341.14990234375,2335.050048828125,2341.14990234375,18.0
2020-09-22 12:45:00,2341.0,2341.0,2335.10009765625,2335.10009765625,0.0
2020-09-22 13:05:00,2341.699951171875,2341.699951171875,2341.699951171875,2341.699951171875,0.0
2020-09-22 13:15:00,2341.14990234375,2341.14990234375,2336.050048828125,2340.0,1741.0
2020-09-22 13:20:00,2336.050048828125,2345.35009765625,2336.050048828125,2336.10009765625,36.0
2020-09-22 13:25:00,2336.10009765625,2336.10009765625,2335.5,2335.5,39.0
2020-09-22 13:30:00,2335.5,2335.5,2335.5,2335.5,8.0
2020-09-22 13:40:00,2339.550048828125,2339.550048828125,2335.550048828125,2335.550048828125,12.0
2020-09-22 13:45:00,2339.699951171875,2340.0,2336.0,2336.10009765625,87.0
2020-09-22 13:50:00,2338.64990234375,2338.699951171875,2336.10009765625,2336.10009765625,27.0
2020-09-22 13:55:00,2336.10009765625,2336.10009765625,2335.0,2335.050048828125,100.0
2020-09-22 14:00:00,2335.0,2335.050048828125,2335.0,2335.0,25.0
2020-09-22 14:05:00,2335.050048828125,2335.050048828125,2322.0,2322.050048828125,434.0
2020-09-22 14:10:00,2324.300048828125,2324.300048828125,2315.050048828125,2315.050048828125,33.0
2020-09-22 14:15:00,2315.050048828125,2315.050048828125,2315.0,2315.0,4.0
2020-09-22 14:20:00,2310.0,2310.0,2295.64990234375,2295.64990234375,446.0
2020-09-22 14:25:00,2299.949951171875,2300.0,2295.64990234375,2299.949951171875,26.0
2020-09-22 14:30:00,2300.0,2300.0,2295.60009765625,2295.60009765625,45.0
2020-09-22 14:35:00,2295.60009765625,2298.550048828125,2295.60009765625,2295.949951171875,31.0
2020-09-22 14:40:00,2295.60009765625,2295.60009765625,2293.199951171875,2293.199951171875,81.0
2020-09-22 14:45:00,2294.949951171875,2295.800048828125,2293.199951171875,2293.25,56.0
2020-09-22 14:50:00,2293.199951171875,2295.75,2293.199951171875,2294.0,45.0
2020-09-22 14:55:00,2294.0,2294.0,2291.199951171875,2291.199951171875,74.0
2020-09-22 15:00:00,2292.89990234375,2292.89990234375,2287.60009765625,2289.0,203.0
2020-09-22 15:05:00,2287.60009765625,2289.0,2287.60009765625,2287.89990234375,134.0
2020-09-22 15:10:00,2286.0,2286.0,2275.050048828125,2280.0,143.0
2020-09-22 15:15:00,2281.0,2282.449951171875,2281.0,2282.199951171875,319.0
2020-09-22 15:20:00,2282.0,2320.800048828125,2282.0,2300.0,334.0
2020-09-22 15:25:00,2300.0,2300.89990234375,2282.0,2284.300048828125,194.0
2020-09-23 09:15:00,2319.0,2319.0,2293.14990234375,2293.14990234375,0.0
2020-09-23 09:20:00,2300.10009765625,2310.39990234375,2300.10009765625,2302.050048828125,61.0
2020-09-23 09:30:00,2309.64990234375,2309.85009765625,2302.35009765625,2309.85009765625,39.0
2020-09-23 09:35:00,2303.050048828125,2309.35009765625,2303.050048828125,2309.35009765625,11.0
2020-09-23 09:50:00,2303.25,2309.949951171875,2303.050048828125,2305.75,35.0
2020-09-23 09:55:00,2309.75,2309.75,2309.75,2309.75,2.0
2020-09-23 10:00:00,2303.050048828125,2303.050048828125,2303.050048828125,2303.050048828125,4.0
2020-09-23 10:10:00,2309.60009765625,2309.60009765625,2309.60009765625,2309.60009765625,8.0
2020-09-23 10:15:00,2309.949951171875,2309.949951171875,2303.14990234375,2309.89990234375,0.0
2020-09-23 10:20:00,2310.0,2310.0,2303.14990234375,2303.14990234375,8.0
2020-09-23 10:25:00,2309.85009765625,2309.85009765625,2299.949951171875,2299.949951171875,154.0
2020-09-23 10:30:00,2299.85009765625,2299.85009765625,2292.0,2292.050048828125,37.0
2020-09-23 10:40:00,2292.14990234375,2297.39990234375,2292.14990234375,2297.39990234375,36.0
2020-09-23 10:45:00,2297.39990234375,2298.949951171875,2292.14990234375,2298.949951171875,9.0
2020-09-23 11:00:00,2295.050048828125,2300.0,2295.050048828125,2295.050048828125,540.0
2020-09-23 11:05:00,2300.0,2300.0,2295.050048828125,2295.050048828125,2.0
2020-09-23 11:10:00,2295.10009765625,2295.10009765625,2295.10009765625,2295.10009765625,3.0
2020-09-23 11:15:00,2295.050048828125,2298.89990234375,2295.050048828125,2295.050048828125,4.0
2020-09-23 11:20:00,2298.85009765625,2298.85009765625,2295.10009765625,2296.0,6.0
2020-09-23 11:25:00,2296.0,2296.0,2296.0,2296.0,3.0
2020-09-23 11:30:00,2296.0,2298.800048828125,2296.0,2296.0,15.0
2020-09-23 11:35:00,2300.0,2301.449951171875,2294.0,2294.199951171875,1382.0
2020-09-23 11:40:00,2294.199951171875,2304.550048828125,2294.199951171875,2296.199951171875,468.0
2020-09-23 11:45:00,2296.199951171875,2300.0,2296.199951171875,2299.0,4.0
2020-09-23 11:50:00,2295.050048828125,2297.0,2295.050048828125,2297.0,5.0
2020-09-23 11:55:00,2297.0,2297.0,2297.0,2297.0,6.0
2020-09-23 12:00:00,2297.0,2299.64990234375,2294.050048828125,2298.0,75.0
2020-09-23 12:05:00,2294.050048828125,2298.89990234375,2294.050048828125,2298.89990234375,8.0
2020-09-23 12:10:00,2294.050048828125,2294.050048828125,2293.5,2293.5,4.0
2020-09-23 12:15:00,2292.64990234375,2295.35009765625,2292.0,2293.60009765625,43.0
2020-09-23 12:20:00,2292.0,2292.0,2292.0,2292.0,3.0
2020-09-23 12:25:00,2292.0,2293.800048828125,2292.0,2292.10009765625,49.0
2020-09-23 12:30:00,2292.10009765625,2294.0,2292.10009765625,2294.0,5.0
2020-09-23 12:35:00,2295.39990234375,2295.39990234375,2292.10009765625,2295.0,8.0
2020-09-23 12:40:00,2295.0,2295.0,2292.10009765625,2292.10009765625,45.0
2020-09-23 12:45:00,2292.10009765625,2295.699951171875,2292.10009765625,2292.10009765625,79.0
2020-09-23 12:50:00,2292.10009765625,2293.85009765625,2292.10009765625,2292.10009765625,71.0
2020-09-23 12:55:00,2292.10009765625,2292.89990234375,2292.10009765625,2292.10009765625,35.0
2020-09-23 13:00:00,2292.10009765625,2292.10009765625,2292.10009765625,2292.10009765625,2.0
2020-09-23 13:05:00,2292.10009765625,2293.800048828125,2292.10009765625,2292.10009765625,11.0
2020-09-23 13:10:00,2292.10009765625,2292.10009765625,2292.10009765625,2292.10009765625,87.0
2020-09-23 13:15:00,2295.050048828125,2295.050048828125,2292.10009765625,2292.10009765625,12.0
2020-09-23 13:20:00,2292.10009765625,2292.10009765625,2292.10009765625,2292.10009765625,6.0
2020-09-23 13:25:00,2292.10009765625,2296.10009765625,2292.10009765625,2292.14990234375,12.0
2020-09-23 13:30:00,2292.14990234375,2292.14990234375,2292.14990234375,2292.14990234375,4.0
2020-09-23 13:35:00,2294.050048828125,2294.199951171875,2292.10009765625,2294.199951171875,6.0
2020-09-23 13:40:00,2294.199951171875,2294.199951171875,2294.199951171875,2294.199951171875,10.0
2020-09-23 13:45:00,2294.199951171875,2294.949951171875,2294.199951171875,2294.199951171875,74.0
2020-09-23 13:50:00,2294.199951171875,2295.0,2294.199951171875,2295.0,5.0
2020-09-23 13:55:00,2295.0,2296.39990234375,2294.199951171875,2296.39990234375,11.0
2020-09-23 14:00:00,2294.25,2294.25,2294.199951171875,2294.199951171875,21.0
2020-09-23 14:05:00,2294.199951171875,2297.0,2292.10009765625,2292.10009765625,41.0
2020-09-23 14:10:00,2295.39990234375,2295.550048828125,2286.550048828125,2288.050048828125,631.0
2020-09-23 14:15:00,2287.89990234375,2290.0,2284.0,2290.0,67.0
2020-09-23 14:20:00,2285.050048828125,2287.10009765625,2285.050048828125,2287.10009765625,6.0
2020-09-23 14:25:00,2282.550048828125,2284.10009765625,2279.85009765625,2279.85009765625,134.0
2020-09-23 14:30:00,2279.800048828125,2279.949951171875,2277.35009765625,2279.949951171875,9.0
2020-09-23 14:35:00,2280.0,2280.0,2270.199951171875,2270.199951171875,92.0
2020-09-23 14:40:00,2273.89990234375,2275.0,2273.89990234375,2275.0,16.0
2020-09-23 14:45:00,2275.949951171875,2277.949951171875,2275.949951171875,2277.949951171875,12.0
2020-09-23 14:50:00,2276.89990234375,2278.0,2276.89990234375,2278.0,7.0
2020-09-23 14:55:00,2279.64990234375,2279.699951171875,2279.64990234375,2279.699951171875,7.0
2020-09-23 15:00:00,2279.699951171875,2279.699951171875,2276.0,2276.0,109.0
2020-09-23 15:05:00,2279.699951171875,2279.699951171875,2279.699951171875,2279.699951171875,20.0
2020-09-23 15:10:00,2279.699951171875,2279.699951171875,2279.699951171875,2279.699951171875,20.0
2020-09-23 15:15:00,2279.699951171875,2279.699951171875,2275.14990234375,2279.60009765625,81.0
2020-09-23 15:20:00,2277.60009765625,2278.60009765625,2275.14990234375,2275.14990234375,47.0
2020-09-23 15:25:00,2278.699951171875,2279.699951171875,2274.85009765625,2278.449951171875,66.0
2020-09-24 09:15:00,2289.699951171875,2300.0,2269.0,2269.0,0.0
2020-09-24 09:20:00,2272.949951171875,2272.949951171875,2250.64990234375,2257.25,97.0
2020-09-24 09:25:00,2257.050048828125,2265.85009765625,2257.050048828125,2260.050048828125,4.0
2020-09-24 09:30:00,2257.050048828125,2263.300048828125,2256.0,2263.300048828125,96.0
2020-09-24 09:35:00,2265.85009765625,2270.64990234375,2258.300048828125,2267.0,83.0
2020-09-24 09:40:00,2264.050048828125,2270.0,2262.050048828125,2262.10009765625,20.0
2020-09-24 09:45:00,2259.949951171875,2259.949951171875,2256.14990234375,2256.14990234375,33.0
2020-09-24 09:50:00,2260.0,2260.050048828125,2257.35009765625,2258.89990234375,51.0
2020-09-24 09:55:00,2258.89990234375,2260.0,2257.60009765625,2257.60009765625,80.0
2020-09-24 10:00:00,2257.39990234375,2260.0,2257.10009765625,2257.10009765625,5.0
2020-09-24 10:05:00,2256.0,2267.64990234375,2256.0,2262.550048828125,57.0
2020-09-24 10:10:00,2260.0,2262.5,2258.949951171875,2262.5,34.0
2020-09-24 10:15:00,2262.5,2262.5,2258.89990234375,2258.89990234375,3.0
2020-09-24 10:20:00,2258.89990234375,2258.89990234375,2258.89990234375,2258.89990234375,3.0
2020-09-24 10:25:00,2259.949951171875,2263.050048828125,2258.89990234375,2258.949951171875,33.0
2020-09-24 10:30:00,2260.0,2260.0,2259.949951171875,2259.949951171875,11.0
2020-09-24 10:35:00,2260.0,2261.85009765625,2256.14990234375,2256.14990234375,19.0
2020-09-24 10:45:00,2259.949951171875,2259.949951171875,2259.949951171875,2259.949951171875,5.0
2020-09-24 10:50:00,2260.0,2260.0,2260.0,2260.0,0.0
2020-09-24 10:55:00,2260.0,2260.0,2256.050048828125,2257.0,13.0
2020-09-24 11:00:00,2256.050048828125,2260.0,2256.050048828125,2256.050048828125,5.0
2020-09-24 11:05:00,2250.199951171875,2254.60009765625,2250.199951171875,2254.39990234375,112.0
2020-09-24 11:10:00,2250.199951171875,2250.199951171875,2249.949951171875,2249.949951171875,120.0
2020-09-24 11:15:00,2244.699951171875,2244.699951171875,2244.0,2244.0,5.0
2020-09-24 11:20:00,2249.89990234375,2249.949951171875,2245.0,2249.0,19.0
2020-09-24 11:30:00,2248.85009765625,2248.89990234375,2242.199951171875,2242.5,29.0
2020-09-24 11:35:00,2248.89990234375,2248.89990234375,2242.550048828125,2248.800048828125,48.0
2020-09-24 11:40:00,2248.800048828125,2248.800048828125,2242.60009765625,2242.60009765625,5.0
2020-09-24 11:45:00,2250.0,2250.0,2242.699951171875,2242.699951171875,56.0
2020-09-24 11:50:00,2242.800048828125,2242.800048828125,2242.800048828125,2242.800048828125,0.0
2020-09-24 12:00:00,2246.35009765625,2246.39990234375,2241.64990234375,2241.64990234375,45.0
2020-09-24 12:05:00,2240.949951171875,2240.949951171875,2240.300048828125,2240.300048828125,9.0
2020-09-24 12:10:00,2246.14990234375,2246.14990234375,2246.14990234375,2246.14990234375,6.0
2020-09-24 12:15:00,2246.050048828125,2246.050048828125,2240.449951171875,2240.449951171875,4.0
2020-09-24 12:20:00,2240.5,2247.949951171875,2240.5,2247.949951171875,22.0
2020-09-24 12:25:00,2240.550048828125,2241.0,2240.39990234375,2240.39990234375,15.0
2020-09-24 12:40:00,2246.300048828125,2246.300048828125,2240.64990234375,2240.64990234375,3.0
2020-09-24 12:45:00,2246.300048828125,2250.0,2240.75,2240.800048828125,34.0
2020-09-24 13:05:00,2250.0,2250.0,2241.050048828125,2241.35009765625,19.0
2020-09-24 13:10:00,2241.300048828125,2241.300048828125,2241.300048828125,2241.300048828125,21.0
2020-09-24 13:15:00,2250.0,2250.0,2245.050048828125,2249.949951171875,11.0
2020-09-24 13:20:00,2249.949951171875,2249.949951171875,2240.199951171875,2240.25,121.0
2020-09-24 13:35:00,2241.0,2246.85009765625,2241.0,2241.050048828125,35.0
2020-09-24 13:40:00,2241.0,2248.0,2241.0,2241.10009765625,15.0
2020-09-24 13:45:00,2241.0,2247.949951171875,2241.0,2241.10009765625,35.0
2020-09-24 13:50:00,2247.949951171875,2247.949951171875,2247.949951171875,2247.949951171875,5.0
2020-09-24 13:55:00,2248.0,2249.60009765625,2241.10009765625,2241.10009765625,22.0
2020-09-24 14:00:00,2249.0,2249.0,2248.949951171875,2248.949951171875,6.0
2020-09-24 14:05:00,2243.800048828125,2243.800048828125,2243.800048828125,2243.800048828125,4.0
2020-09-24 14:10:00,2250.0,2250.0,2243.39990234375,2243.39990234375,12.0
2020-09-24 14:15:00,2249.949951171875,2249.949951171875,2249.949951171875,2249.949951171875,2.0
2020-09-24 14:20:00,2250.0,2251.35009765625,2246.449951171875,2251.35009765625,42.0
2020-09-24 14:25:00,2250.0,2250.0,2244.949951171875,2244.949951171875,32.0
2020-09-24 14:30:00,2250.0,2251.60009765625,2244.64990234375,2244.64990234375,94.0
2020-09-24 14:35:00,2250.0,2250.0,2244.64990234375,2250.0,51.0
2020-09-24 14:40:00,2250.0,2250.0,2243.39990234375,2249.949951171875,31.0
2020-09-24 14:45:00,2243.5,2243.5,2243.39990234375,2243.39990234375,11.0
2020-09-24 14:50:00,2250.0,2250.0,2246.0,2249.949951171875,16.0
2020-09-24 14:55:00,2249.949951171875,2249.949951171875,2246.5,2249.949951171875,8.0
2020-09-24 15:05:00,2245.0,2250.0,2243.39990234375,2244.35009765625,153.0
2020-09-24 15:10:00,2243.449951171875,2247.699951171875,2243.39990234375,2247.699951171875,4.0
2020-09-24 15:15:00,2243.449951171875,2248.0,2243.39990234375,2243.449951171875,76.0
2020-09-24 15:20:00,2250.0,2250.0,2244.550048828125,2248.5,34.0
2020-09-24 15:25:00,2248.0,2248.199951171875,2243.5,2245.25,0.0
2020-09-25 09:15:00,2245.199951171875,2250.0,2241.050048828125,2247.0,59.0
2020-09-25 09:20:00,2248.0,2260.0,2240.0,2240.0,386.0
2020-09-25 09:30:00,2251.0,2251.0,2241.0,2241.0,112.0
2020-09-25 09:35:00,2245.050048828125,2248.60009765625,2245.050048828125,2248.60009765625,9.0
2020-09-25 09:40:00,2245.0,2245.0,2241.5,2241.5,77.0
2020-09-25 09:45:00,2248.35009765625,2248.949951171875,2241.550048828125,2241.550048828125,18.0
2020-09-25 09:50:00,2249.10009765625,2249.10009765625,2242.14990234375,2242.14990234375,8.0
2020-09-25 09:55:00,2248.699951171875,2249.949951171875,2242.10009765625,2242.14990234375,14.0
2020-09-25 10:00:00,2250.0,2250.0,2241.550048828125,2241.550048828125,121.0
2020-09-25 10:05:00,2247.10009765625,2247.10009765625,2247.10009765625,2247.10009765625,3.0
2020-09-25 10:10:00,2240.0,2240.0,2240.0,2240.0,57.0
2020-09-25 10:20:00,2245.300048828125,2245.300048828125,2240.0,2240.0,73.0
2020-09-25 10:25:00,2240.0,2244.89990234375,2240.0,2244.89990234375,3.0
2020-09-25 10:30:00,2240.0,2240.0,2215.5,2228.60009765625,769.0
2020-09-25 10:35:00,2216.10009765625,2233.949951171875,2216.10009765625,2225.050048828125,138.0
2020-09-25 10:45:00,2249.800048828125,2249.800048828125,2227.050048828125,2230.60009765625,38.0
2020-09-25 10:50:00,2236.85009765625,2236.85009765625,2236.85009765625,2236.85009765625,4.0
2020-09-25 10:55:00,2235.050048828125,2243.75,2235.0,2243.75,6.0
2020-09-25 11:00:00,2235.10009765625,2250.0,2229.300048828125,2244.14990234375,212.0
2020-09-25 11:05:00,2243.699951171875,2243.699951171875,2232.050048828125,2232.050048828125,5.0
2020-09-25 11:15:00,2248.449951171875,2248.800048828125,2235.14990234375,2235.25,23.0
2020-09-25 11:20:00,2247.35009765625,2247.35009765625,2235.550048828125,2235.550048828125,6.0
2020-09-25 11:25:00,2244.949951171875,2244.949951171875,2237.050048828125,2237.050048828125,0.0
2020-09-25 11:30:00,2240.050048828125,2240.050048828125,2240.0,2240.0,2.0
2020-09-25 11:35:00,2244.949951171875,2244.949951171875,2244.949951171875,2244.949951171875,2.0
2020-09-25 11:45:00,2243.89990234375,2243.89990234375,2243.89990234375,2243.89990234375,5.0
2020-09-25 11:50:00,2243.949951171875,2243.949951171875,2240.050048828125,2240.050048828125,5.0
2020-09-25 11:55:00,2240.0,2242.699951171875,2240.0,2240.0,15.0
2020-09-25 12:00:00,2246.75,2246.75,2239.35009765625,2239.35009765625,4.0
2020-09-25 12:10:00,2247.949951171875,2247.949951171875,2240.050048828125,2240.050048828125,10.0
2020-09-25 12:15:00,2245.0,2245.0,2240.14990234375,2240.14990234375,36.0
2020-09-25 12:25:00,2247.949951171875,2247.949951171875,2240.25,2240.25,15.0
2020-09-25 12:30:00,2241.0,2244.449951171875,2241.0,2244.449951171875,10.0
2020-09-25 12:35:00,2247.949951171875,2247.949951171875,2244.449951171875,2244.449951171875,11.0
2020-09-25 12:40:00,2247.949951171875,2247.949951171875,2241.050048828125,2241.050048828125,21.0
2020-09-25 12:50:00,2242.0,2247.949951171875,2241.0,2241.050048828125,17.0
2020-09-25 12:55:00,2242.0,2242.0,2222.199951171875,2237.14990234375,205.0
2020-09-25 13:00:00,2237.14990234375,2239.64990234375,2229.949951171875,2229.949951171875,6.0
2020-09-25 13:10:00,2239.949951171875,2239.949951171875,2239.949951171875,2239.949951171875,10.0
2020-09-25 13:15:00,2239.949951171875,2243.550048828125,2235.050048828125,2243.550048828125,5.0
2020-09-25 13:25:00,2243.0,2243.0,2243.0,2243.0,2.0
2020-09-25 13:30:00,2242.39990234375,2244.75,2242.39990234375,2244.75,5.0
2020-09-25 13:35:00,2244.699951171875,2244.699951171875,2244.699951171875,2244.699951171875,2.0
2020-09-25 13:40:00,2244.75,2244.75,2240.050048828125,2244.699951171875,5.0
2020-09-25 13:45:00,2244.699951171875,2244.75,2244.699951171875,2244.75,2.0
2020-09-25 13:50:00,2244.75,2244.75,2235.25,2235.25,29.0
2020-09-25 13:55:00,2239.949951171875,2244.0,2235.0,2241.64990234375,354.0
2020-09-25 14:00:00,2246.050048828125,2246.050048828125,2234.10009765625,2234.10009765625,21.0
2020-09-25 14:05:00,2240.0,2250.0,2236.699951171875,2236.699951171875,112.0
2020-09-25 14:10:00,2234.199951171875,2250.0,2234.199951171875,2240.35009765625,148.0
2020-09-25 14:20:00,2240.5,2240.5,2240.5,2240.5,5.0
2020-09-25 14:30:00,2250.0,2250.0,2240.5,2240.5,357.0
2020-09-25 14:35:00,2242.0,2249.0,2241.0,2241.0,72.0
2020-09-25 14:40:00,2246.0,2247.75,2241.050048828125,2242.0,45.0
2020-09-25 14:45:00,2245.0,2245.949951171875,2242.0,2242.0,28.0
2020-09-25 14:50:00,2243.0,2243.0,2243.0,2243.0,4.0
2020-09-25 14:55:00,2245.949951171875,2246.35009765625,2242.0,2246.35009765625,99.0
2020-09-25 15:00:00,2246.25,2246.25,2242.050048828125,2242.050048828125,4.0
2020-09-25 15:05:00,2245.14990234375,2245.14990234375,2245.14990234375,2245.14990234375,2.0
2020-09-25 15:10:00,2240.0,2240.0,2240.0,2240.0,56.0
2020-09-25 15:15:00,2240.0,2243.949951171875,2235.050048828125,2240.0,139.0
2020-09-25 15:20:00,2244.949951171875,2245.199951171875,2240.14990234375,2244.35009765625,100.0
2020-09-25 15:25:00,2240.5,2250.0,2240.5,2243.25,184.0
2020-09-28 09:15:00,2309.949951171875,2309.949951171875,2262.10009765625,2271.60009765625,0.0
2020-09-28 09:20:00,2271.60009765625,2281.949951171875,2269.5,2279.14990234375,24.0
2020-09-28 09:25:00,2279.949951171875,2287.14990234375,2271.25,2278.0,67.0
2020-09-28 09:30:00,2279.949951171875,2279.949951171875,2279.949951171875,2279.949951171875,3.0
2020-09-28 09:35:00,2280.0,2280.35009765625,2279.050048828125,2280.35009765625,16.0
2020-09-28 09:40:00,2279.050048828125,2279.050048828125,2279.0,2279.050048828125,14.0
2020-09-28 09:45:00,2280.0,2293.949951171875,2279.0,2282.14990234375,122.0
2020-09-28 09:50:00,2285.800048828125,2285.800048828125,2279.25,2279.25,8.0
2020-09-28 10:00:00,2279.0,2280.0,2279.0,2280.0,41.0
2020-09-28 10:05:00,2283.39990234375,2284.5,2281.050048828125,2281.050048828125,7.0
2020-09-28 10:10:00,2285.050048828125,2285.050048828125,2281.050048828125,2281.050048828125,13.0
2020-09-28 10:20:00,2286.0,2286.39990234375,2281.10009765625,2281.10009765625,34.0
2020-09-28 10:25:00,2286.39990234375,2286.39990234375,2282.949951171875,2286.39990234375,23.0
2020-09-28 10:30:00,2286.39990234375,2286.39990234375,2282.5,2282.5,124.0
2020-09-28 10:35:00,2286.300048828125,2293.949951171875,2285.5,2293.949951171875,14.0
2020-09-28 10:45:00,2295.0,2301.35009765625,2291.699951171875,2299.949951171875,106.0
2020-09-28 10:50:00,2300.0,2300.0,2298.0,2299.949951171875,18.0
2020-09-28 10:55:00,2299.949951171875,2299.949951171875,2299.949951171875,2299.949951171875,5.0
2020-09-28 11:00:00,2298.0,2299.89990234375,2293.0,2293.0,55.0
2020-09-28 11:05:00,2297.449951171875,2300.0,2297.449951171875,2297.5,117.0
2020-09-28 11:10:00,2297.5,2299.85009765625,2295.85009765625,2295.85009765625,15.0
2020-09-28 11:15:00,2299.89990234375,2305.050048828125,2285.0,2299.050048828125,157.0
2020-09-28 11:20:00,2300.0,2300.0,2295.550048828125,2295.89990234375,37.0
2020-09-28 11:25:00,2300.89990234375,2300.89990234375,2296.550048828125,2299.949951171875,24.0
2020-09-28 11:30:00,2294.449951171875,2294.64990234375,2286.75,2294.199951171875,204.0
2020-09-28 11:35:00,2294.60009765625,2294.60009765625,2291.0,2291.0,5.0
2020-09-28 11:40:00,2294.550048828125,2294.550048828125,2288.35009765625,2288.35009765625,68.0
2020-09-28 11:45:00,2294.550048828125,2299.75,2291.85009765625,2291.85009765625,79.0
2020-09-28 11:50:00,2298.949951171875,2301.949951171875,2293.550048828125,2301.949951171875,39.0
2020-09-28 11:55:00,2300.0,2301.949951171875,2297.0,2297.0,52.0
2020-09-28 12:00:00,2300.0,2300.0,2296.35009765625,2296.35009765625,53.0
2020-09-28 12:05:00,2300.0,2305.0,2291.199951171875,2303.550048828125,288.0
2020-09-28 12:10:00,2300.0,2301.949951171875,2299.050048828125,2301.949951171875,2.0
2020-09-28 12:15:00,2303.550048828125,2303.550048828125,2297.800048828125,2298.14990234375,21.0
2020-09-28 12:20:00,2302.300048828125,2303.550048828125,2298.0,2300.85009765625,23.0
2020-09-28 12:25:00,2300.949951171875,2300.949951171875,2296.050048828125,2296.199951171875,177.0
2020-09-28 12:30:00,2299.949951171875,2299.949951171875,2299.949951171875,2299.949951171875,0.0
2020-09-28 12:35:00,2299.85009765625,2299.85009765625,2299.85009765625,2299.85009765625,2.0
2020-09-28 12:45:00,2300.0,2300.949951171875,2297.800048828125,2297.800048828125,11.0
2020-09-28 12:50:00,2300.35009765625,2300.35009765625,2297.0,2297.0,10.0
2020-09-28 12:55:00,2292.050048828125,2298.0,2292.050048828125,2298.0,56.0
2020-09-28 13:00:00,2298.0,2298.0,2298.0,2298.0,0.0
2020-09-28 13:10:00,2292.0,2297.25,2285.050048828125,2285.050048828125,100.0
2020-09-28 13:15:00,2295.0,2295.0,2287.449951171875,2288.050048828125,42.0
2020-09-28 13:20:00,2285.10009765625,2289.60009765625,2285.10009765625,2286.699951171875,22.0
2020-09-28 13:30:00,2285.0,2289.449951171875,2282.0,2282.0,138.0
2020-09-28 13:35:00,2288.25,2288.25,2284.64990234375,2284.64990234375,29.0
2020-09-28 13:45:00,2287.0,2287.0,2287.0,2287.0,3.0
2020-09-28 13:50:00,2288.14990234375,2288.14990234375,2282.0,2282.0,201.0
2020-09-28 13:55:00,2282.10009765625,2282.10009765625,2279.0,2279.0,0.0
2020-09-28 14:00:00,2279.0,2279.0,2277.0,2277.0,94.0
2020-09-28 14:05:00,2277.0,2277.699951171875,2272.050048828125,2273.0,50.0
2020-09-28 14:10:00,2272.050048828125,2275.0,2272.0,2272.0,14.0
2020-09-28 14:15:00,2275.0,2275.0,2275.0,2275.0,1.0
2020-09-28 14:20:00,2275.0,2300.0,2275.0,2285.050048828125,0.0
2020-09-28 14:25:00,2296.89990234375,2296.89990234375,2287.75,2287.75,3365.0
2020-09-28 14:30:00,2296.85009765625,2296.85009765625,2296.85009765625,2296.85009765625,1.0
2020-09-28 14:35:00,2296.89990234375,2296.89990234375,2292.0,2292.0,14.0
2020-09-28 14:45:00,2295.949951171875,2295.949951171875,2292.050048828125,2292.050048828125,12.0
2020-09-28 14:50:00,2294.949951171875,2294.949951171875,2294.949951171875,2294.949951171875,4.0
2020-09-28 14:55:00,2292.0,2300.0,2292.0,2295.050048828125,59.0
2020-09-28 15:00:00,2297.550048828125,2299.0,2297.550048828125,2299.0,2.0
2020-09-28 15:05:00,2295.39990234375,2300.0,2292.0,2292.35009765625,85.0
2020-09-28 15:10:00,2292.0,2292.0,2280.75,2280.75,43.0
2020-09-28 15:15:00,2282.699951171875,2294.89990234375,2280.050048828125,2280.050048828125,90.0
2020-09-28 15:20:00,2290.199951171875,2290.199951171875,2280.050048828125,2283.85009765625,19.0
2020-09-28 15:25:00,2285.25,2309.0,2285.0,2293.050048828125,266.0
2020-09-29 09:15:00,2280.0,2302.0,2280.0,2302.0,72.0
2020-09-29 09:20:00,2300.0,2300.0,2289.35009765625,2290.10009765625,48.0
2020-09-29 09:25:00,2290.14990234375,2298.60009765625,2290.14990234375,2298.39990234375,5.0
2020-09-29 09:30:00,2294.0,2304.39990234375,2294.0,2300.0,972.0
2020-09-29 09:35:00,2298.199951171875,2300.60009765625,2290.0,2290.050048828125,0.0
2020-09-29 09:45:00,2296.949951171875,2296.949951171875,2289.35009765625,2289.949951171875,37.0
2020-09-29 09:50:00,2289.10009765625,2289.949951171875,2285.10009765625,2285.10009765625,14.0
2020-09-29 09:55:00,2289.699951171875,2289.699951171875,2285.10009765625,2285.10009765625,17.0
2020-09-29 10:00:00,2285.10009765625,2289.699951171875,2285.10009765625,2289.699951171875,3.0
2020-09-29 10:15:00,2289.699951171875,2289.699951171875,2285.10009765625,2289.699951171875,18.0
2020-09-29 10:20:00,2285.0,2289.699951171875,2285.0,2289.699951171875,5.0
2020-09-29 10:25:00,2298.699951171875,2298.699951171875,2287.60009765625,2287.60009765625,114.0
2020-09-29 10:30:00,2297.89990234375,2297.89990234375,2288.050048828125,2288.050048828125,18.0
2020-09-29 10:35:00,2290.0,2290.0,2285.10009765625,2285.10009765625,12.0
2020-09-29 10:40:00,2290.0,2290.0,2281.0,2281.0,37.0
2020-09-29 10:45:00,2285.0,2285.0,2273.050048828125,2273.050048828125,37.0
2020-09-29 10:50:00,2271.050048828125,2279.949951171875,2271.050048828125,2279.949951171875,7.0
2020-09-29 10:55:00,2279.89990234375,2279.89990234375,2271.75,2271.75,2.0
2020-09-29 11:00:00,2271.0,2279.75,2265.10009765625,2265.10009765625,24.0
2020-09-29 11:05:00,2272.800048828125,2272.800048828125,2272.800048828125,2272.800048828125,1.0
2020-09-29 11:10:00,2270.85009765625,2270.85009765625,2270.85009765625,2270.85009765625,1.0
2020-09-29 11:20:00,2270.0,2270.0,2270.0,2270.0,85.0
2020-09-29 11:25:00,2274.449951171875,2274.449951171875,2274.449951171875,2274.449951171875,7.0
2020-09-29 11:30:00,2274.39990234375,2274.75,2271.050048828125,2274.0,5.0
2020-09-29 11:35:00,2271.10009765625,2271.10009765625,2271.050048828125,2271.050048828125,7.0
2020-09-29 11:40:00,2271.14990234375,2280.10009765625,2271.14990234375,2280.10009765625,413.0
2020-09-29 11:45:00,2276.449951171875,2276.449951171875,2275.0,2275.0,44.0
2020-09-29 12:05:00,2281.949951171875,2281.949951171875,2276.35009765625,2276.35009765625,5.0
2020-09-29 12:10:00,2280.0,2280.0,2275.0,2275.0,27.0
2020-09-29 12:15:00,2277.050048828125,2285.0,2277.050048828125,2277.10009765625,38.0
2020-09-29 12:20:00,2280.050048828125,2298.699951171875,2280.050048828125,2294.699951171875,207.0
2020-09-29 12:25:00,2286.0,2294.0,2286.0,2287.0,44.0
2020-09-29 12:30:00,2286.0,2286.0,2285.10009765625,2285.14990234375,7.0
2020-09-29 12:35:00,2285.14990234375,2285.14990234375,2284.0,2284.0,8.0
2020-09-29 12:40:00,2283.800048828125,2291.949951171875,2283.800048828125,2283.85009765625,37.0
2020-09-29 12:45:00,2283.85009765625,2283.85009765625,2277.0,2277.0,126.0
2020-09-29 12:50:00,2277.0,2286.050048828125,2277.0,2278.050048828125,9.0
2020-09-29 12:55:00,2279.0,2292.0,2278.050048828125,2285.050048828125,62.0
2020-09-29 13:00:00,2282.39990234375,2285.0,2282.39990234375,2285.0,8.0
2020-09-29 13:05:00,2284.0,2284.0,2283.050048828125,2283.050048828125,8.0
2020-09-29 13:10:00,2283.050048828125,2283.10009765625,2277.0,2278.0,89.0
2020-09-29 13:15:00,2277.0,2279.89990234375,2277.0,2279.89990234375,9.0
2020-09-29 13:20:00,2277.0,2280.10009765625,2277.0,2278.050048828125,516.0
2020-09-29 13:25:00,2280.0,2280.0,2279.050048828125,2279.050048828125,8.0
2020-09-29 13:30:00,2279.050048828125,2281.0,2279.050048828125,2279.050048828125,13.0
2020-09-29 13:35:00,2279.050048828125,2279.050048828125,2279.050048828125,2279.050048828125,8.0
2020-09-29 13:40:00,2279.050048828125,2283.300048828125,2279.050048828125,2280.0,9.0
2020-09-29 13:45:00,2279.050048828125,2280.0,2279.050048828125,2279.050048828125,9.0
2020-09-29 13:50:00,2279.050048828125,2285.050048828125,2279.050048828125,2280.050048828125,60.0
2020-09-29 13:55:00,2280.050048828125,2280.050048828125,2277.050048828125,2277.050048828125,19.0
2020-09-29 14:00:00,2277.050048828125,2285.050048828125,2277.0,2277.050048828125,208.0
2020-09-29 14:05:00,2277.050048828125,2277.050048828125,2277.050048828125,2277.050048828125,7.0
2020-09-29 14:10:00,2277.050048828125,2282.949951171875,2277.050048828125,2277.14990234375,62.0
2020-09-29 14:15:00,2277.14990234375,2282.25,2277.14990234375,2282.25,44.0
2020-09-29 14:20:00,2282.25,2289.85009765625,2281.5,2281.5,8.0
2020-09-29 14:25:00,2281.10009765625,2288.75,2281.10009765625,2281.14990234375,8.0
2020-09-29 14:30:00,2281.050048828125,2288.699951171875,2281.050048828125,2281.75,28.0
2020-09-29 14:35:00,2288.5,2290.0,2281.75,2282.10009765625,683.0
2020-09-29 14:40:00,2289.949951171875,2293.5,2284.050048828125,2285.75,138.0
2020-09-29 14:45:00,2285.75,2289.949951171875,2281.64990234375,2282.14990234375,65.0
2020-09-29 14:50:00,2282.14990234375,2290.800048828125,2282.050048828125,2283.89990234375,404.0
2020-09-29 14:55:00,2283.89990234375,2289.949951171875,2283.89990234375,2285.14990234375,18.0
2020-09-29 15:00:00,2285.10009765625,2290.0,2281.449951171875,2285.0,1196.0
2020-09-29 15:05:00,2290.0,2290.0,2280.050048828125,2280.10009765625,143.0
2020-09-29 15:10:00,2286.550048828125,2287.800048828125,2280.050048828125,2280.64990234375,60.0
2020-09-29 15:15:00,2281.699951171875,2287.800048828125,2281.550048828125,2281.550048828125,46.0
2020-09-29 15:20:00,2281.60009765625,2290.0,2280.0,2288.0,549.0
2020-09-29 15:25:00,2278.699951171875,2288.800048828125,2275.0,2288.800048828125,0.0
2020-09-30 09:15:00,2281.0,2281.0,2281.0,2281.0,0.0
2020-09-30 09:20:00,2275.0,2275.0,2275.0,2275.0,7.0
2020-09-30 09:25:00,2280.0,2280.0,2272.800048828125,2272.800048828125,28.0
2020-09-30 09:30:00,2280.0,2280.0,2266.64990234375,2266.64990234375,37.0
2020-09-30 09:35:00,2273.050048828125,2274.85009765625,2273.0,2273.0,32.0
2020-09-30 09:40:00,2267.39990234375,2280.0,2267.39990234375,2280.0,140.0
2020-09-30 09:45:00,2275.0,2289.949951171875,2270.39990234375,2289.949951171875,747.0
2020-09-30 09:50:00,2299.0,2299.449951171875,2281.25,2290.800048828125,207.0
2020-09-30 09:55:00,2288.050048828125,2294.25,2288.050048828125,2294.25,42.0
2020-09-30 10:00:00,2292.0,2292.0,2285.050048828125,2286.050048828125,99.0
2020-09-30 10:05:00,2293.0,2293.0,2260.050048828125,2260.10009765625,561.0
2020-09-30 10:10:00,2260.050048828125,2266.39990234375,2257.800048828125,2265.5,94.0
2020-09-30 10:15:00,2264.89990234375,2264.89990234375,2255.199951171875,2255.199951171875,64.0
2020-09-30 10:20:00,2247.85009765625,2247.85009765625,2226.449951171875,2231.10009765625,973.0
2020-09-30 10:25:00,2231.14990234375,2244.949951171875,2231.14990234375,2237.0,68.0
2020-09-30 10:30:00,2237.0,2249.75,2237.0,2242.25,89.0
2020-09-30 10:35:00,2249.39990234375,2250.0,2241.25,2245.0,87.0
2020-09-30 10:40:00,2245.14990234375,2245.14990234375,2241.25,2242.0,54.0
2020-09-30 10:45:00,2240.0,2240.0,2237.25,2240.0,56.0
2020-09-30 10:50:00,2240.0,2240.0,2240.0,2240.0,5.0
2020-09-30 10:55:00,2239.0,2240.0,2235.0,2240.0,127.0
2020-09-30 11:00:00,2242.60009765625,2245.949951171875,2240.0,2240.050048828125,9.0
2020-09-30 11:05:00,2245.050048828125,2249.5,2240.050048828125,2242.75,37.0
2020-09-30 11:10:00,2248.949951171875,2248.949951171875,2244.14990234375,2244.14990234375,47.0
2020-09-30 11:15:00,2248.949951171875,2248.949951171875,2243.25,2248.949951171875,4.0
2020-09-30 11:20:00,2248.949951171875,2249.60009765625,2243.25,2243.25,28.0
2020-09-30 11:25:00,2246.699951171875,2248.89990234375,2246.699951171875,2248.89990234375,4.0
2020-09-30 11:30:00,2243.699951171875,2260.800048828125,2243.699951171875,2260.800048828125,196.0
2020-09-30 11:35:00,2260.050048828125,2260.050048828125,2260.0,2260.0,18.0
2020-09-30 11:40:00,2260.0,2260.0,2255.050048828125,2255.050048828125,3.0
2020-09-30 11:50:00,2260.0,2260.0,2251.0,2251.0,120.0
2020-09-30 11:55:00,2250.0,2250.0,2241.10009765625,2241.10009765625,241.0
2020-09-30 12:00:00,2248.25,2248.25,2242.85009765625,2242.85009765625,5.0
2020-09-30 12:05:00,2259.050048828125,2259.050048828125,2243.050048828125,2247.0,226.0
2020-09-30 12:10:00,2256.89990234375,2285.300048828125,2251.449951171875,2277.5,1047.0
2020-09-30 12:15:00,2298.0,2298.0,2277.449951171875,2286.800048828125,45.0
2020-09-30 12:20:00,2286.75,2296.14990234375,2285.0,2285.0,40.0
2020-09-30 12:25:00,2280.050048828125,2283.0,2280.0,2280.0,6.0
2020-09-30 12:30:00,2280.050048828125,2280.050048828125,2280.050048828125,2280.050048828125,7.0
2020-09-30 12:35:00,2288.64990234375,2288.64990234375,2275.550048828125,2275.550048828125,36.0
2020-09-30 12:40:00,2322.89990234375,2322.89990234375,2270.0,2286.0,417.0
2020-09-30 12:45:00,2281.0,2281.0,2280.0,2280.0,1.0
2020-09-30 12:50:00,2282.0,2282.35009765625,2274.60009765625,2274.60009765625,14.0
2020-09-30 12:55:00,2280.949951171875,2280.949951171875,2279.85009765625,2279.85009765625,13.0
2020-09-30 13:00:00,2272.10009765625,2295.0,2272.10009765625,2275.64990234375,179.0
2020-09-30 13:05:00,2272.699951171875,2280.0,2272.050048828125,2272.050048828125,39.0
2020-09-30 13:10:00,2284.5,2284.5,2272.0,2272.0,13.0
2020-09-30 13:15:00,2281.949951171875,2281.949951171875,2280.550048828125,2280.550048828125,7.0
2020-09-30 13:20:00,2283.050048828125,2283.050048828125,2274.35009765625,2274.60009765625,63.0
2020-09-30 13:35:00,2276.550048828125,2290.0,2276.550048828125,2281.25,97.0
2020-09-30 13:40:00,2281.300048828125,2289.60009765625,2281.300048828125,2281.35009765625,3.0
2020-09-30 14:05:00,2286.949951171875,2288.050048828125,2282.0,2282.050048828125,67.0
2020-09-30 14:10:00,2295.0,2299.35009765625,2290.10009765625,2294.199951171875,182.0
2020-09-30 14:15:00,2298.25,2299.35009765625,2290.0,2290.050048828125,251.0
2020-09-30 14:20:00,2297.0,2299.85009765625,2288.10009765625,2297.85009765625,311.0
2020-09-30 14:25:00,2297.85009765625,2313.0,2292.699951171875,2304.85009765625,302.0
2020-09-30 14:30:00,2319.949951171875,2320.0,2305.75,2311.0,261.0
2020-09-30 14:35:00,2311.0,2321.10009765625,2307.39990234375,2313.89990234375,205.0
2020-09-30 14:40:00,2316.0,2325.0,2312.5,2314.0,398.0
2020-09-30 14:45:00,2321.35009765625,2324.0,2309.550048828125,2316.89990234375,205.0
2020-09-30 14:50:00,2323.949951171875,2324.199951171875,2316.89990234375,2316.89990234375,205.0
2020-09-30 14:55:00,2324.0,2324.050048828125,2316.0,2317.14990234375,279.0
2020-09-30 15:00:00,2323.949951171875,2324.0,2316.25,2318.0,206.0
2020-09-30 15:05:00,2323.64990234375,2323.699951171875,2318.10009765625,2322.949951171875,232.0
2020-09-30 15:10:00,2322.949951171875,2324.050048828125,2310.199951171875,2312.25,311.0
2020-09-30 15:15:00,2312.25,2359.89990234375,2312.25,2325.0,554.0
2020-09-30 15:20:00,2327.25,2327.949951171875,2318.699951171875,2326.5,323.0
2020-09-30 15:25:00,2329.800048828125,2330.0,2290.0,2325.39990234375,292.0
2020-10-01 09:15:00,2348.0,2366.89990234375,2325.550048828125,2350.10009765625,0.0
2020-10-01 09:20:00,2350.0,2365.64990234375,2350.0,2355.0,42.0
2020-10-01 09:25:00,2355.0,2378.0,2355.0,2363.199951171875,271.0
2020-10-01 09:30:00,2363.60009765625,2369.949951171875,2350.10009765625,2356.050048828125,74.0
2020-10-01 09:35:00,2358.10009765625,2376.949951171875,2356.050048828125,2376.949951171875,72.0
2020-10-01 09:40:00,2370.550048828125,2370.550048828125,2370.25,2370.300048828125,6.0
2020-10-01 09:45:00,2374.75,2374.75,2367.199951171875,2369.949951171875,31.0
2020-10-01 09:50:00,2370.0,2373.949951171875,2370.0,2373.89990234375,22.0
2020-10-01 09:55:00,2380.0,2381.39990234375,2380.0,2381.39990234375,105.0
2020-10-01 10:00:00,2369.89990234375,2377.0,2369.89990234375,2377.0,38.0
2020-10-01 10:10:00,2360.0,2360.0,2360.0,2360.0,2.0
2020-10-01 10:15:00,2365.0,2365.0,2357.64990234375,2357.64990234375,18.0
2020-10-01 10:25:00,2357.0,2357.0,2357.0,2357.0,6.0
2020-10-01 10:30:00,2360.0,2360.0,2360.0,2360.0,2.0
2020-10-01 10:35:00,2357.0,2357.0,2346.10009765625,2346.10009765625,38.0
2020-10-01 11:00:00,2350.0,2350.0,2350.0,2350.0,4.0
2020-10-01 11:05:00,2357.0,2357.0,2357.0,2357.0,3.0
2020-10-01 11:10:00,2350.0,2365.0,2350.0,2365.0,159.0
2020-10-01 11:15:00,2362.0,2364.39990234375,2362.0,2364.39990234375,0.0
2020-10-01 11:20:00,2364.35009765625,2364.35009765625,2355.39990234375,2355.39990234375,21.0
2020-10-01 11:25:00,2356.949951171875,2356.949951171875,2356.949951171875,2356.949951171875,9.0
2020-10-01 11:30:00,2356.949951171875,2356.949951171875,2356.949951171875,2356.949951171875,0.0
2020-10-01 11:35:00,2350.949951171875,2350.949951171875,2350.949951171875,2350.949951171875,2.0
2020-10-01 11:40:00,2350.5,2354.949951171875,2350.5,2354.949951171875,6.0
2020-10-01 11:45:00,2350.0,2350.0,2350.0,2350.0,9.0
2020-10-01 11:50:00,2350.0,2354.949951171875,2350.0,2354.949951171875,36.0
2020-10-01 12:00:00,2350.0,2350.0,2350.0,2350.0,8.0
2020-10-01 12:15:00,2350.0,2354.39990234375,2350.0,2354.39990234375,2.0
2020-10-01 12:25:00,2354.39990234375,2355.0,2354.39990234375,2355.0,400.0
2020-10-01 12:45:00,2355.0,2355.0,2330.0,2330.0,113.0
2020-10-01 12:50:00,2325.39990234375,2325.39990234375,2324.0,2324.0,51.0
2020-10-01 12:55:00,2310.0,2329.550048828125,2310.0,2329.550048828125,172.0
2020-10-01 13:00:00,2336.0,2336.0,2336.0,2336.0,4.0
2020-10-01 13:15:00,2340.0,2340.0,2337.89990234375,2337.89990234375,3.0
2020-10-01 13:30:00,2355.0,2355.0,2355.0,2355.0,355.0
2020-10-01 13:35:00,2344.550048828125,2344.550048828125,2344.550048828125,2344.550048828125,0.0
2020-10-01 13:45:00,2341.39990234375,2341.39990234375,2341.39990234375,2341.39990234375,2.0
2020-10-01 13:50:00,2341.39990234375,2341.39990234375,2341.39990234375,2341.39990234375,0.0
2020-10-01 13:55:00,2349.0,2349.0,2349.0,2349.0,12.0
2020-10-01 14:05:00,2350.300048828125,2356.949951171875,2350.0,2356.949951171875,210.0
2020-10-01 14:10:00,2364.39990234375,2364.39990234375,2364.39990234375,2364.39990234375,1.0
2020-10-01 14:15:00,2375.10009765625,2387.949951171875,2375.10009765625,2380.0,108.0
2020-10-01 14:20:00,2381.199951171875,2381.199951171875,2381.10009765625,2381.10009765625,38.0
2020-10-01 14:25:00,2380.0,2380.0,2380.0,2380.0,0.0
2020-10-01 14:30:00,2360.0,2360.0,2360.0,2360.0,2826.0
2020-10-01 14:35:00,2370.0,2377.10009765625,2369.89990234375,2369.89990234375,98.0
2020-10-01 14:40:00,2370.0,2370.050048828125,2370.0,2370.050048828125,66.0
2020-10-01 14:45:00,2370.14990234375,2375.0,2370.14990234375,2375.0,40.0
2020-10-01 14:50:00,2375.0,2375.0,2370.0,2370.0,0.0
2020-10-01 14:55:00,2370.0,2370.0,2370.0,2370.0,27.0
2020-10-01 15:00:00,2370.0,2370.0,2370.0,2370.0,3.0
2020-10-01 15:05:00,2370.0,2439.699951171875,2370.0,2430.0,649.0
2020-10-01 15:10:00,2430.0,2430.550048828125,2400.300048828125,2400.300048828125,161.0
2020-10-01 15:15:00,2408.39990234375,2408.39990234375,2400.300048828125,2408.39990234375,44.0
2020-10-01 15:20:00,2407.550048828125,2407.550048828125,2388.89990234375,2403.949951171875,56.0
2020-10-01 15:25:00,2394.199951171875,2444.0,2370.0,2409.85009765625,513.0
2020-10-05 09:15:00,2421.75,2421.75,2417.64990234375,2417.64990234375,0.0
2020-10-05 09:20:00,2415.050048828125,2423.35009765625,2415.050048828125,2423.35009765625,17.0
2020-10-05 09:25:00,2416.75,2416.75,2415.0,2415.0,15.0
2020-10-05 09:30:00,2403.699951171875,2403.699951171875,2393.800048828125,2393.800048828125,8.0
2020-10-05 09:35:00,2394.10009765625,2394.10009765625,2393.75,2393.75,11.0
2020-10-05 09:40:00,2393.75,2398.699951171875,2393.75,2398.699951171875,36.0
2020-10-05 09:45:00,2401.75,2409.949951171875,2401.699951171875,2403.0,17.0
2020-10-05 09:50:00,2400.0,2400.050048828125,2390.199951171875,2390.199951171875,216.0
2020-10-05 09:55:00,2390.199951171875,2390.25,2388.699951171875,2388.699951171875,14.0
2020-10-05 10:05:00,2388.699951171875,2388.699951171875,2388.699951171875,2388.699951171875,2.0
2020-10-05 10:10:00,2386.199951171875,2444.0,2382.050048828125,2423.85009765625,2094.0
2020-10-05 10:15:00,2423.5,2423.5,2415.0,2418.10009765625,330.0
2020-10-05 10:20:00,2422.949951171875,2423.5,2418.10009765625,2423.5,81.0
2020-10-05 10:25:00,2422.949951171875,2423.5,2420.0,2420.050048828125,6.0
2020-10-05 10:30:00,2423.5,2423.5,2419.25,2419.25,22.0
2020-10-05 10:35:00,2418.0,2450.0,2418.0,2432.050048828125,813.0
2020-10-05 10:40:00,2432.050048828125,2439.949951171875,2432.050048828125,2432.050048828125,6.0
2020-10-05 10:45:00,2439.0,2439.0,2432.10009765625,2439.0,26.0
2020-10-05 10:50:00,2438.0,2438.0,2432.10009765625,2432.10009765625,21.0
2020-10-05 10:55:00,2432.050048828125,2432.050048828125,2425.199951171875,2426.5,39.0
2020-10-05 11:00:00,2425.300048828125,2425.300048828125,2425.0,2425.0,14.0
2020-10-05 11:05:00,2423.0,2423.0,2423.0,2423.0,0.0
2020-10-05 11:10:00,2421.14990234375,2421.14990234375,2421.10009765625,2421.10009765625,4.0
2020-10-05 11:15:00,2424.0,2438.5,2415.64990234375,2415.64990234375,118.0
2020-10-05 11:20:00,2417.050048828125,2440.0,2417.050048828125,2440.0,293.0
2020-10-05 11:25:00,2434.14990234375,2438.0,2425.949951171875,2438.0,175.0
2020-10-05 11:30:00,2435.0,2435.0,2429.35009765625,2429.35009765625,4.0
2020-10-05 11:35:00,2430.0,2430.0,2430.0,2430.0,0.0
2020-10-05 11:40:00,2430.0,2430.0,2420.050048828125,2420.10009765625,26.0
2020-10-05 11:45:00,2420.0,2420.0,2417.0,2417.0,35.0
2020-10-05 11:50:00,2415.0,2422.0,2415.0,2422.0,137.0
2020-10-05 11:55:00,2415.550048828125,2415.550048828125,2415.550048828125,2415.550048828125,3.0
2020-10-05 12:00:00,2415.550048828125,2425.0,2415.550048828125,2425.0,11.0
2020-10-05 12:05:00,2427.0,2433.0,2427.0,2429.949951171875,18.0
2020-10-05 12:10:00,2431.050048828125,2435.0,2430.0,2434.949951171875,53.0
2020-10-05 12:15:00,2429.949951171875,2429.949951171875,2419.0,2423.550048828125,42.0
2020-10-05 12:20:00,2433.0,2433.0,2433.0,2433.0,13.0
2020-10-05 12:25:00,2433.0,2433.0,2433.0,2433.0,51.0
2020-10-05 12:30:00,2423.550048828125,2423.550048828125,2423.550048828125,2423.550048828125,43.0
2020-10-05 12:35:00,2415.050048828125,2429.800048828125,2415.050048828125,2429.800048828125,107.0
2020-10-05 12:45:00,2426.0,2433.14990234375,2426.0,2433.14990234375,19.0
2020-10-05 12:50:00,2434.0,2434.0,2434.0,2434.0,105.0
2020-10-05 12:55:00,2434.949951171875,2434.949951171875,2434.89990234375,2434.89990234375,83.0
2020-10-05 13:00:00,2434.89990234375,2434.89990234375,2434.89990234375,2434.89990234375,5.0
2020-10-05 13:05:00,2434.89990234375,2434.89990234375,2430.0,2434.5,11.0
2020-10-05 13:10:00,2425.050048828125,2425.050048828125,2425.050048828125,2425.050048828125,1.0
2020-10-05 13:15:00,2424.699951171875,2424.699951171875,2424.699951171875,2424.699951171875,14.0
2020-10-05 13:20:00,2425.050048828125,2425.050048828125,2425.050048828125,2425.050048828125,0.0
2020-10-05 13:25:00,2425.0,2425.050048828125,2420.14990234375,2425.050048828125,12.0
2020-10-05 13:30:00,2420.050048828125,2420.050048828125,2420.050048828125,2420.050048828125,2.0
2020-10-05 13:35:00,2420.10009765625,2420.10009765625,2414.199951171875,2414.199951171875,47.0
2020-10-05 13:40:00,2414.0,2417.0,2401.10009765625,2402.550048828125,148.0
2020-10-05 13:45:00,2402.550048828125,2408.0,2400.10009765625,2401.300048828125,74.0
2020-10-05 13:50:00,2413.300048828125,2413.300048828125,2404.050048828125,2413.0,2215.0
2020-10-05 13:55:00,2413.0,2413.0,2413.0,2413.0,1.0
2020-10-05 14:05:00,2404.050048828125,2423.0,2404.050048828125,2421.949951171875,48.0
2020-10-05 14:10:00,2421.949951171875,2437.0,2420.300048828125,2436.949951171875,225.0
2020-10-05 14:15:00,2436.949951171875,2437.050048828125,2429.199951171875,2437.0,72.0
2020-10-05 14:20:00,2437.0,2437.25,2429.300048828125,2437.25,58.0
2020-10-05 14:25:00,2437.0,2443.0,2437.0,2437.050048828125,184.0
2020-10-05 14:30:00,2434.14990234375,2437.0,2434.14990234375,2437.0,59.0
2020-10-05 14:35:00,2440.0,2440.0,2437.0,2437.0,14.0
2020-10-05 14:40:00,2442.550048828125,2442.550048828125,2442.550048828125,2442.550048828125,33.0
2020-10-05 14:45:00,2442.949951171875,2443.0,2442.949951171875,2443.0,2.0
2020-10-05 14:50:00,2437.10009765625,2437.10009765625,2420.0,2420.0,178.0
2020-10-05 14:55:00,2420.0,2424.550048828125,2412.60009765625,2420.0,864.0
2020-10-05 15:00:00,2420.0,2420.0,2417.0,2418.949951171875,171.0
2020-10-05 15:05:00,2418.949951171875,2419.5,2418.0,2418.5,61.0
2020-10-05 15:10:00,2418.5,2418.5,2415.050048828125,2418.5,85.0
2020-10-05 15:15:00,2418.5,2418.5,2414.39990234375,2418.5,76.0
2020-10-05 15:20:00,2418.5,2418.5,2410.0,2417.449951171875,115.0
2020-10-05 15:25:00,2402.050048828125,2417.60009765625,2402.050048828125,2415.699951171875,90.0
2020-10-06 09:15:00,2413.89990234375,2449.75,2413.89990234375,2426.0,0.0
2020-10-06 09:20:00,2422.89990234375,2422.89990234375,2415.0,2415.25,16.0
2020-10-06 09:25:00,2415.25,2423.550048828125,2415.25,2423.550048828125,3.0
2020-10-06 09:30:00,2425.699951171875,2425.699951171875,2418.75,2418.75,16.0
2020-10-06 09:35:00,2418.75,2418.75,2418.75,2418.75,4.0
2020-10-06 09:40:00,2425.60009765625,2429.300048828125,2420.699951171875,2421.85009765625,27.0
2020-10-06 09:45:00,2429.14990234375,2429.85009765625,2423.949951171875,2423.949951171875,5.0
2020-10-06 09:50:00,2423.0,2429.449951171875,2417.14990234375,2420.550048828125,65.0
2020-10-06 09:55:00,2428.85009765625,2428.85009765625,2428.85009765625,2428.85009765625,0.0
2020-10-06 10:00:00,2426.10009765625,2427.800048828125,2418.050048828125,2427.800048828125,6.0
2020-10-06 10:10:00,2420.60009765625,2424.85009765625,2420.60009765625,2420.60009765625,20.0
2020-10-06 10:15:00,2420.5,2424.85009765625,2419.550048828125,2424.85009765625,29.0
2020-10-06 10:20:00,2420.050048828125,2421.0,2420.0,2421.0,16.0
2020-10-06 10:25:00,2424.949951171875,2427.14990234375,2421.0,2427.14990234375,22.0
2020-10-06 10:30:00,2430.0,2434.35009765625,2426.25,2426.25,57.0
2020-10-06 10:35:00,2434.800048828125,2434.800048828125,2434.800048828125,2434.800048828125,9.0
2020-10-06 10:40:00,2427.699951171875,2434.699951171875,2427.699951171875,2434.699951171875,0.0
2020-10-06 10:45:00,2428.60009765625,2433.60009765625,2421.699951171875,2425.699951171875,113.0
2020-10-06 10:55:00,2426.0,2426.0,2426.0,2426.0,2.0
2020-10-06 11:00:00,2430.75,2430.75,2421.050048828125,2421.050048828125,30.0
2020-10-06 11:05:00,2421.050048828125,2428.64990234375,2421.050048828125,2428.64990234375,16.0
2020-10-06 11:10:00,2425.0,2425.0,2425.0,2425.0,2.0
2020-10-06 11:15:00,2424.0,2424.89990234375,2421.5,2421.5,11.0
2020-10-06 11:45:00,2420.0,2424.89990234375,2420.0,2420.0,64.0
2020-10-06 11:50:00,2425.0,2425.0,2421.64990234375,2421.64990234375,34.0
2020-10-06 11:55:00,2427.949951171875,2427.949951171875,2423.64990234375,2423.64990234375,26.0
2020-10-06 12:00:00,2424.0,2424.0,2424.0,2424.0,1.0
2020-10-06 12:05:00,2420.0,2420.0,2420.0,2420.0,413.0
2020-10-06 12:10:00,2419.0,2419.5,2419.0,2419.5,34.0
2020-10-06 12:15:00,2419.10009765625,2428.35009765625,2419.0,2420.0,625.0
2020-10-06 12:30:00,2420.0,2420.0,2420.0,2420.0,25.0
2020-10-06 12:35:00,2419.949951171875,2419.949951171875,2419.949951171875,2419.949951171875,2.0
2020-10-06 12:40:00,2419.64990234375,2419.699951171875,2415.35009765625,2419.699951171875,26.0
2020-10-06 12:45:00,2415.25,2415.25,2415.25,2415.25,49.0
2020-10-06 12:50:00,2415.300048828125,2419.64990234375,2410.89990234375,2410.89990234375,42.0
2020-10-06 12:55:00,2405.0,2405.0,2405.0,2405.0,5.0
2020-10-06 13:00:00,2403.0,2409.949951171875,2403.0,2409.949951171875,2.0
2020-10-06 13:05:00,2409.949951171875,2409.949951171875,2409.949951171875,2409.949951171875,4.0
2020-10-06 13:10:00,2406.050048828125,2409.949951171875,2400.050048828125,2400.050048828125,44.0
2020-10-06 13:15:00,2410.0,2410.0,2410.0,2410.0,34.0
2020-10-06 13:20:00,2409.949951171875,2409.949951171875,2409.949951171875,2409.949951171875,0.0
2020-10-06 13:25:00,2402.14990234375,2402.14990234375,2402.14990234375,2402.14990234375,10.0
2020-10-06 13:35:00,2409.949951171875,2409.949951171875,2405.0,2405.0,34.0
2020-10-06 13:45:00,2405.0,2407.25,2405.0,2407.25,3996.0
2020-10-06 13:50:00,2401.60009765625,2401.60009765625,2401.60009765625,2401.60009765625,0.0
2020-10-06 14:05:00,2409.949951171875,2409.949951171875,2409.949951171875,2409.949951171875,2.0
2020-10-06 14:10:00,2409.949951171875,2409.949951171875,2409.949951171875,2409.949951171875,10.0
2020-10-06 14:15:00,2409.949951171875,2409.949951171875,2409.949951171875,2409.949951171875,0.0
2020-10-06 14:25:00,2409.85009765625,2409.85009765625,2409.85009765625,2409.85009765625,16.0
2020-10-06 14:35:00,2401.60009765625,2409.85009765625,2401.60009765625,2409.550048828125,104.0
2020-10-06 14:50:00,2403.050048828125,2408.0,2403.050048828125,2408.0,0.0
2020-10-06 15:00:00,2406.949951171875,2406.949951171875,2403.0,2403.0,13.0
2020-10-06 15:05:00,2400.0,2405.10009765625,2400.0,2405.10009765625,208.0
2020-10-06 15:10:00,2404.949951171875,2404.949951171875,2400.050048828125,2400.050048828125,0.0
2020-10-06 15:15:00,2400.050048828125,2404.449951171875,2400.0,2404.449951171875,74.0
2020-10-06 15:20:00,2400.699951171875,2403.0,2399.0,2399.0,158.0
2020-10-06 15:25:00,2390.0,2397.0,2376.0,2397.0,126.0
2020-10-07 09:15:00,2376.85009765625,2397.949951171875,2376.0,2395.75,0.0
2020-10-07 09:20:00,2388.050048828125,2397.85009765625,2380.0,2380.0,68.0
2020-10-07 09:25:00,2382.75,2390.0,2365.0,2365.0,124.0
2020-10-07 09:30:00,2365.0,2369.449951171875,2360.050048828125,2364.050048828125,25.0
2020-10-07 09:35:00,2364.050048828125,2380.0,2364.050048828125,2370.64990234375,24.0
2020-10-07 09:40:00,2370.300048828125,2373.89990234375,2364.10009765625,2365.0,81.0
2020-10-07 09:45:00,2364.10009765625,2372.39990234375,2364.0,2365.0,25.0
2020-10-07 09:50:00,2365.0,2373.050048828125,2365.0,2373.0,37.0
2020-10-07 09:55:00,2364.0,2368.550048828125,2364.0,2364.0,14.0
2020-10-07 10:00:00,2364.0,2368.10009765625,2364.0,2364.300048828125,18.0
2020-10-07 10:05:00,2364.300048828125,2366.699951171875,2364.300048828125,2365.050048828125,14.0
2020-10-07 10:10:00,2365.050048828125,2381.800048828125,2365.0,2370.949951171875,82.0
2020-10-07 10:15:00,2370.5,2370.5,2366.14990234375,2366.25,30.0
2020-10-07 10:20:00,2366.10009765625,2366.10009765625,2365.0,2365.0,12.0
2020-10-07 10:25:00,2365.10009765625,2369.0,2365.0,2365.0,17.0
2020-10-07 10:30:00,2365.0,2367.800048828125,2365.0,2365.050048828125,23.0
2020-10-07 10:35:00,2365.050048828125,2369.949951171875,2365.0,2365.10009765625,39.0
2020-10-07 10:40:00,2365.10009765625,2365.10009765625,2365.0,2365.0,14.0
2020-10-07 10:45:00,2365.0,2365.0,2363.300048828125,2363.300048828125,27.0
2020-10-07 10:50:00,2363.300048828125,2363.300048828125,2362.0,2362.0,12.0
2020-10-07 10:55:00,2362.0,2362.0,2358.050048828125,2358.050048828125,27.0
2020-10-07 11:00:00,2358.050048828125,2359.550048828125,2352.0,2352.0,50.0
2020-10-07 11:05:00,2351.10009765625,2360.14990234375,2341.0,2350.199951171875,210.0
2020-10-07 11:10:00,2355.300048828125,2355.39990234375,2350.0,2351.0,80.0
2020-10-07 11:15:00,2350.0,2350.85009765625,2343.0,2343.0,38.0
2020-10-07 11:20:00,2340.449951171875,2349.699951171875,2340.449951171875,2340.64990234375,43.0
2020-10-07 11:30:00,2348.0,2348.0,2348.0,2348.0,13.0
2020-10-07 11:35:00,2342.050048828125,2350.0,2342.050048828125,2350.0,10.0
2020-10-07 11:40:00,2350.0,2360.14990234375,2350.0,2360.14990234375,18.0
2020-10-07 11:45:00,2360.10009765625,2360.10009765625,2352.0,2352.0,23.0
2020-10-07 11:50:00,2353.0,2354.949951171875,2353.0,2354.949951171875,0.0
2020-10-07 11:55:00,2354.0,2354.0,2354.0,2354.0,31.0
2020-10-07 12:00:00,2354.050048828125,2354.050048828125,2354.050048828125,2354.050048828125,3.0
2020-10-07 12:05:00,2360.0,2360.0,2343.0,2343.0,168.0
2020-10-07 12:10:00,2340.449951171875,2340.449951171875,2340.449951171875,2340.449951171875,26.0
2020-10-07 12:15:00,2346.10009765625,2346.14990234375,2346.10009765625,2346.14990234375,4.0
2020-10-07 12:20:00,2346.14990234375,2346.14990234375,2346.14990234375,2346.14990234375,2.0
2020-10-07 12:25:00,2340.5,2340.5,2340.5,2340.5,3.0
2020-10-07 12:30:00,2346.14990234375,2348.0,2346.14990234375,2348.0,20.0
2020-10-07 12:35:00,2346.14990234375,2346.14990234375,2346.14990234375,2346.14990234375,5.0
2020-10-07 12:40:00,2346.0,2346.0,2346.0,2346.0,6.0
2020-10-07 12:45:00,2341.050048828125,2341.050048828125,2341.050048828125,2341.050048828125,0.0
2020-10-07 12:50:00,2346.050048828125,2346.050048828125,2346.050048828125,2346.050048828125,15.0
2020-10-07 12:55:00,2346.14990234375,2348.0,2346.050048828125,2348.0,32.0
2020-10-07 13:05:00,2348.0,2348.0,2348.0,2348.0,0.0
2020-10-07 13:20:00,2347.949951171875,2348.0,2346.10009765625,2346.10009765625,29.0
2020-10-07 13:25:00,2348.0,2348.0,2348.0,2348.0,5.0
2020-10-07 13:30:00,2346.050048828125,2346.050048828125,2346.050048828125,2346.050048828125,72.0
2020-10-07 13:35:00,2347.949951171875,2348.0,2347.949951171875,2348.0,0.0
2020-10-07 13:40:00,2348.0,2348.0,2348.0,2348.0,0.0
2020-10-07 13:45:00,2348.0,2348.0,2348.0,2348.0,3.0
2020-10-07 13:50:00,2348.0,2348.0,2347.0,2347.0,3.0
2020-10-07 13:55:00,2347.0,2347.0,2347.0,2347.0,5.0
2020-10-07 14:00:00,2348.0,2348.0,2348.0,2348.0,11.0
2020-10-07 14:05:00,2348.0,2348.0,2348.0,2348.0,3.0
2020-10-07 14:10:00,2348.0,2352.89990234375,2348.0,2352.89990234375,84.0
2020-10-07 14:15:00,2348.050048828125,2348.050048828125,2348.050048828125,2348.050048828125,0.0
2020-10-07 14:25:00,2355.300048828125,2355.39990234375,2350.050048828125,2350.050048828125,19.0
2020-10-07 14:30:00,2358.050048828125,2358.050048828125,2350.050048828125,2358.0,100.0
2020-10-07 14:35:00,2348.0,2352.89990234375,2348.0,2348.050048828125,43.0
2020-10-07 14:40:00,2353.0,2353.10009765625,2348.0,2348.0,41.0
2020-10-07 14:45:00,2348.0,2348.0,2348.0,2348.0,9.0
2020-10-07 14:50:00,2348.0,2348.0,2348.0,2348.0,62.0
2020-10-07 14:55:00,2349.89990234375,2349.949951171875,2348.0,2349.949951171875,4.0
2020-10-07 15:00:00,2348.0,2350.0,2348.0,2350.0,50.0
2020-10-07 15:05:00,2348.0,2350.0,2348.0,2350.0,58.0
2020-10-07 15:10:00,2346.050048828125,2350.0,2340.050048828125,2345.949951171875,80.0
2020-10-07 15:15:00,2345.0,2350.0,2343.800048828125,2345.14990234375,65.0
2020-10-07 15:20:00,2345.25,2350.0,2345.25,2349.949951171875,113.0
2020-10-07 15:25:00,2348.050048828125,2348.89990234375,2340.449951171875,2347.35009765625,0.0
2020-10-08 09:15:00,2340.0,2343.5,2329.300048828125,2343.5,67.0
2020-10-08 09:20:00,2340.0,2340.0,2340.0,2340.0,2.0
2020-10-08 09:25:00,2340.050048828125,2345.0,2340.0,2340.0,26.0
2020-10-08 09:30:00,2340.0,2340.199951171875,2335.300048828125,2335.300048828125,190.0
2020-10-08 09:35:00,2325.050048828125,2331.699951171875,2325.050048828125,2331.699951171875,5.0
2020-10-08 09:40:00,2325.10009765625,2328.35009765625,2320.0,2325.050048828125,65.0
2020-10-08 09:45:00,2325.050048828125,2330.0,2325.050048828125,2330.0,10.0
2020-10-08 09:50:00,2327.300048828125,2331.75,2327.300048828125,2330.0,9.0
2020-10-08 09:55:00,2330.0,2330.0,2327.300048828125,2327.300048828125,10.0
2020-10-08 10:00:00,2330.0,2331.39990234375,2327.300048828125,2331.39990234375,17.0
2020-10-08 10:05:00,2331.0,2333.050048828125,2327.300048828125,2327.300048828125,32.0
2020-10-08 10:10:00,2330.199951171875,2330.199951171875,2328.0,2328.0,31.0
2020-10-08 10:15:00,2328.0,2332.449951171875,2328.0,2328.0,29.0
2020-10-08 10:20:00,2328.0,2328.800048828125,2328.0,2328.10009765625,28.0
2020-10-08 10:25:00,2328.75,2328.75,2328.0,2328.0,19.0
2020-10-08 10:30:00,2328.0,2328.0,2328.0,2328.0,77.0
2020-10-08 10:35:00,2328.0,2329.0,2328.0,2328.0,10.0
2020-10-08 10:40:00,2328.0,2333.89990234375,2328.0,2333.89990234375,33.0
2020-10-08 10:45:00,2328.050048828125,2336.75,2328.050048828125,2336.75,43.0
2020-10-08 10:50:00,2330.050048828125,2330.85009765625,2328.050048828125,2328.050048828125,12.0
2020-10-08 10:55:00,2328.050048828125,2328.60009765625,2328.0,2328.60009765625,25.0
2020-10-08 11:00:00,2328.0,2329.949951171875,2328.0,2328.0,20.0
2020-10-08 11:05:00,2336.89990234375,2336.89990234375,2328.14990234375,2328.14990234375,61.0
2020-10-08 11:10:00,2328.10009765625,2331.0,2328.10009765625,2328.550048828125,38.0
2020-10-08 11:15:00,2328.449951171875,2328.800048828125,2328.0,2328.0,12.0
2020-10-08 11:20:00,2328.10009765625,2328.10009765625,2328.0,2328.0,10.0
2020-10-08 11:25:00,2328.0,2330.0,2328.0,2330.0,18.0
2020-10-08 11:30:00,2330.449951171875,2330.449951171875,2328.5,2328.949951171875,21.0
2020-10-08 11:35:00,2328.64990234375,2336.0,2328.64990234375,2335.0,79.0
2020-10-08 11:40:00,2335.0,2336.0,2335.0,2335.449951171875,25.0
2020-10-08 11:45:00,2335.0,2340.0,2335.0,2335.050048828125,31.0
2020-10-08 11:50:00,2335.0,2335.050048828125,2328.699951171875,2329.300048828125,83.0
2020-10-08 11:55:00,2329.0,2330.0,2328.0,2328.35009765625,30.0
2020-10-08 12:00:00,2329.89990234375,2330.39990234375,2329.0,2329.0,47.0
2020-10-08 12:05:00,2329.0,2330.14990234375,2329.0,2330.0,8.0
2020-10-08 12:10:00,2330.0,2330.050048828125,2329.25,2329.5,20.0
2020-10-08 12:15:00,2330.0,2330.0,2329.050048828125,2329.050048828125,13.0
2020-10-08 12:20:00,2329.050048828125,2329.10009765625,2329.050048828125,2329.050048828125,10.0
2020-10-08 12:25:00,2329.39990234375,2330.0,2329.050048828125,2329.10009765625,24.0
2020-10-08 12:30:00,2329.10009765625,2330.0,2329.0,2329.0,14.0
2020-10-08 12:35:00,2329.0,2356.14990234375,2329.0,2347.85009765625,264.0
2020-10-08 12:40:00,2347.85009765625,2367.699951171875,2336.0,2350.0,120.0
2020-10-08 12:45:00,2345.39990234375,2350.050048828125,2336.0,2349.85009765625,80.0
2020-10-08 12:50:00,2349.85009765625,2355.0,2345.699951171875,2349.25,56.0
2020-10-08 12:55:00,2346.64990234375,2351.550048828125,2337.0,2346.64990234375,170.0
2020-10-08 13:00:00,2350.0,2358.0,2348.0,2350.0,33.0
2020-10-08 13:05:00,2350.10009765625,2350.35009765625,2346.0,2346.0,61.0
2020-10-08 13:10:00,2346.050048828125,2350.0,2346.050048828125,2350.0,25.0
2020-10-08 13:15:00,2350.0,2350.0,2350.0,2350.0,11.0
2020-10-08 13:20:00,2350.0,2350.449951171875,2346.050048828125,2347.050048828125,20.0
2020-10-08 13:25:00,2346.35009765625,2346.35009765625,2341.0,2341.0,49.0
2020-10-08 13:30:00,2341.14990234375,2348.449951171875,2340.300048828125,2343.35009765625,28.0
2020-10-08 13:35:00,2340.050048828125,2357.85009765625,2340.050048828125,2357.85009765625,89.0
2020-10-08 13:40:00,2357.85009765625,2375.35009765625,2354.0,2365.199951171875,155.0
2020-10-08 13:45:00,2375.300048828125,2398.0,2371.300048828125,2397.85009765625,626.0
2020-10-08 13:50:00,2397.85009765625,2418.0,2394.949951171875,2417.800048828125,154.0
2020-10-08 13:55:00,2417.800048828125,2417.800048828125,2383.199951171875,2409.89990234375,392.0
2020-10-08 14:00:00,2409.89990234375,2413.0,2403.25,2412.949951171875,119.0
2020-10-08 14:05:00,2412.949951171875,2412.949951171875,2404.050048828125,2412.39990234375,128.0
2020-10-08 14:10:00,2412.39990234375,2412.39990234375,2407.449951171875,2409.89990234375,96.0
2020-10-08 14:15:00,2409.89990234375,2411.949951171875,2407.449951171875,2411.949951171875,92.0
2020-10-08 14:20:00,2411.949951171875,2417.699951171875,2408.050048828125,2417.699951171875,211.0
2020-10-08 14:25:00,2417.699951171875,2418.0,2411.0,2417.85009765625,145.0
2020-10-08 14:30:00,2417.85009765625,2445.0,2390.050048828125,2421.550048828125,869.0
2020-10-08 14:35:00,2416.14990234375,2450.0,2412.89990234375,2438.949951171875,873.0
2020-10-08 14:40:00,2438.949951171875,2438.949951171875,2406.10009765625,2429.14990234375,368.0
2020-10-08 14:45:00,2436.89990234375,2436.949951171875,2428.0,2432.75,107.0
2020-10-08 14:50:00,2435.0,2435.0,2423.0,2433.0,153.0
2020-10-08 14:55:00,2433.0,2435.0,2429.050048828125,2435.0,305.0
2020-10-08 15:00:00,2435.0,2436.0,2429.0,2431.0,118.0
2020-10-08 15:05:00,2433.0,2494.0,2429.0,2490.0,996.0
2020-10-08 15:10:00,2480.89990234375,2499.699951171875,2465.75,2488.85009765625,757.0
2020-10-08 15:15:00,2483.10009765625,2499.0,2465.25,2480.75,504.0
2020-10-08 15:20:00,2480.10009765625,2499.0,2480.050048828125,2488.949951171875,586.0
2020-10-08 15:25:00,2481.300048828125,2495.050048828125,2479.449951171875,2479.449951171875,318.0
2020-10-09 09:15:00,2495.0,2502.25,2482.39990234375,2490.0,0.0
2020-10-09 09:20:00,2483.050048828125,2492.0,2483.050048828125,2485.5,675.0
2020-10-09 09:25:00,2489.949951171875,2499.800048828125,2486.0,2493.89990234375,487.0
2020-10-09 09:30:00,2494.050048828125,2544.89990234375,2491.0,2542.0,2337.0
2020-10-09 09:35:00,2521.25,2536.64990234375,2514.0,2523.25,717.0
2020-10-09 09:40:00,2533.0,2535.0,2525.0,2525.0,258.0
2020-10-09 09:45:00,2525.0,2530.0,2520.0,2521.14990234375,151.0
2020-10-09 09:50:00,2522.050048828125,2523.0,2514.0,2514.050048828125,237.0
2020-10-09 09:55:00,2514.050048828125,2520.5,2513.949951171875,2520.0,355.0
2020-10-09 10:00:00,2523.0,2523.0,2511.300048828125,2520.0,138.0
2020-10-09 10:05:00,2515.0,2519.949951171875,2512.64990234375,2512.75,104.0
2020-10-09 10:10:00,2512.75,2518.89990234375,2512.699951171875,2518.050048828125,58.0
2020-10-09 10:15:00,2512.699951171875,2517.949951171875,2511.0,2511.050048828125,177.0
2020-10-09 10:20:00,2511.050048828125,2514.85009765625,2509.89990234375,2509.89990234375,583.0
2020-10-09 10:25:00,2503.0,2510.0,2503.0,2505.10009765625,216.0
2020-10-09 10:30:00,2505.10009765625,2509.64990234375,2505.10009765625,2505.35009765625,4.0
2020-10-09 10:35:00,2505.35009765625,2509.35009765625,2503.0,2503.0,395.0
2020-10-09 10:40:00,2503.0,2518.449951171875,2503.0,2507.0,244.0
2020-10-09 10:45:00,2505.0,2505.0,2505.0,2505.0,15.0
2020-10-09 10:50:00,2505.0,2507.0,2505.0,2505.0,29.0
2020-10-09 10:55:00,2508.0,2508.0,2500.300048828125,2500.300048828125,105.0
2020-10-09 11:00:00,2507.949951171875,2507.949951171875,2507.699951171875,2507.699951171875,33.0
2020-10-09 11:05:00,2503.050048828125,2503.050048828125,2503.050048828125,2503.050048828125,2.0
2020-10-09 11:10:00,2503.14990234375,2503.14990234375,2500.300048828125,2500.300048828125,175.0
2020-10-09 11:15:00,2500.300048828125,2503.60009765625,2500.050048828125,2503.60009765625,65.0
2020-10-09 11:20:00,2500.050048828125,2500.050048828125,2500.0,2500.0,213.0
2020-10-09 11:25:00,2501.0,2505.0,2501.0,2505.0,34.0
2020-10-09 11:30:00,2505.0,2505.0,2501.0,2501.0,18.0
2020-10-09 11:35:00,2504.85009765625,2504.85009765625,2501.10009765625,2504.85009765625,35.0
2020-10-09 11:40:00,2501.0,2504.89990234375,2501.0,2504.89990234375,57.0
2020-10-09 11:45:00,2503.0,2503.0,2500.0,2500.0,89.0
2020-10-09 11:50:00,2500.0,2504.85009765625,2500.0,2504.85009765625,7.0
2020-10-09 11:55:00,2501.050048828125,2504.800048828125,2501.050048828125,2504.800048828125,23.0
2020-10-09 12:00:00,2504.75,2504.75,2504.75,2504.75,5.0
2020-10-09 12:05:00,2501.0,2501.0,2500.0,2500.0,55.0
2020-10-09 12:15:00,2500.0,2500.0,2500.0,2500.0,19.0
2020-10-09 12:20:00,2500.0,2503.89990234375,2500.0,2500.050048828125,138.0
2020-10-09 12:25:00,2500.0,2504.0,2500.0,2503.949951171875,70.0
2020-10-09 12:30:00,2503.949951171875,2503.949951171875,2500.300048828125,2500.300048828125,5.0
2020-10-09 12:40:00,2501.0,2502.0,2500.25,2500.25,11.0
2020-10-09 12:45:00,2503.85009765625,2503.85009765625,2500.0,2500.0,13.0
2020-10-09 12:50:00,2500.0,2503.85009765625,2500.0,2503.85009765625,11.0
2020-10-09 12:55:00,2503.85009765625,2503.85009765625,2500.050048828125,2503.800048828125,11.0
2020-10-09 13:00:00,2500.0,2504.800048828125,2500.0,2504.75,51.0
2020-10-09 13:05:00,2500.050048828125,2500.050048828125,2500.0,2500.0,87.0
2020-10-09 13:10:00,2500.0,2503.85009765625,2497.550048828125,2499.949951171875,106.0
2020-10-09 13:15:00,2500.0,2502.949951171875,2500.0,2500.050048828125,195.0
2020-10-09 13:20:00,2498.0,2502.14990234375,2498.0,2500.0,670.0
2020-10-09 13:25:00,2498.0,2504.75,2498.0,2504.75,61.0
2020-10-09 13:35:00,2501.14990234375,2501.14990234375,2501.14990234375,2501.14990234375,8.0
2020-10-09 13:40:00,2501.14990234375,2504.14990234375,2501.0,2504.14990234375,98.0
2020-10-09 13:45:00,2501.0,2501.0,2501.0,2501.0,26.0
2020-10-09 13:50:00,2501.050048828125,2501.050048828125,2498.0,2498.0,164.0
2020-10-09 13:55:00,2502.699951171875,2505.050048828125,2502.699951171875,2505.0,130.0
2020-10-09 14:00:00,2505.0,2505.0,2505.0,2505.0,12.0
2020-10-09 14:05:00,2500.0,2500.0,2498.0,2498.0,11.0
2020-10-09 14:10:00,2498.0,2504.64990234375,2498.0,2504.60009765625,106.0
2020-10-09 14:15:00,2500.050048828125,2500.050048828125,2500.050048828125,2500.050048828125,1.0
2020-10-09 14:20:00,2500.0,2500.0,2500.0,2500.0,66.0
2020-10-09 14:25:00,2500.050048828125,2500.050048828125,2500.0,2500.0,83.0
2020-10-09 14:30:00,2503.64990234375,2530.0,2503.64990234375,2530.0,510.0
2020-10-09 14:35:00,2530.39990234375,2535.5,2512.050048828125,2512.050048828125,413.0
2020-10-09 14:40:00,2514.0,2517.949951171875,2512.0,2516.5,45.0
2020-10-09 14:45:00,2518.0,2531.85009765625,2510.0,2510.0,219.0
2020-10-09 14:50:00,2510.0,2524.5,2502.050048828125,2524.5,719.0
2020-10-09 14:55:00,2505.0,2510.0,2505.0,2510.0,70.0
2020-10-09 15:00:00,2510.0,2510.0,2510.0,2510.0,6.0
2020-10-09 15:05:00,2508.949951171875,2508.949951171875,2508.0,2508.89990234375,27.0
2020-10-09 15:10:00,2505.14990234375,2514.5,2505.14990234375,2507.050048828125,312.0
2020-10-09 15:15:00,2510.0,2512.0,2507.10009765625,2507.10009765625,313.0
2020-10-09 15:20:00,2507.75,2510.0,2464.050048828125,2500.0,699.0
2020-10-09 15:25:00,2510.0,2524.89990234375,2501.050048828125,2508.050048828125,5923.0
2020-10-12 09:15:00,2520.0,2520.0,2467.949951171875,2500.0,0.0
2020-10-12 09:20:00,2500.0,2512.949951171875,2500.0,2509.949951171875,181.0
2020-10-12 09:25:00,2513.0,2535.050048828125,2513.0,2532.199951171875,222.0
2020-10-12 09:30:00,2526.0,2531.64990234375,2510.0,2510.0,239.0
2020-10-12 09:35:00,2510.0,2510.0,2505.0,2510.0,78.0
2020-10-12 09:40:00,2522.949951171875,2525.050048828125,2512.14990234375,2512.14990234375,191.0
2020-10-12 09:45:00,2512.199951171875,2520.0,2512.199951171875,2520.0,2.0
2020-10-12 09:50:00,2525.85009765625,2530.0,2523.75,2523.75,75.0
2020-10-12 09:55:00,2529.949951171875,2529.949951171875,2523.050048828125,2523.050048828125,19.0
2020-10-12 10:00:00,2523.0,2528.449951171875,2523.0,2528.449951171875,11.0
2020-10-12 10:05:00,2523.050048828125,2523.050048828125,2514.60009765625,2514.60009765625,30.0
2020-10-12 10:10:00,2519.949951171875,2526.89990234375,2517.300048828125,2517.300048828125,68.0
2020-10-12 10:15:00,2529.14990234375,2529.14990234375,2517.800048828125,2527.0,62.0
2020-10-12 10:20:00,2526.89990234375,2526.89990234375,2526.89990234375,2526.89990234375,4.0
2020-10-12 10:25:00,2520.0,2520.0,2516.10009765625,2516.10009765625,17.0
2020-10-12 10:30:00,2512.199951171875,2512.199951171875,2512.14990234375,2512.14990234375,4.0
2020-10-12 10:35:00,2516.10009765625,2516.10009765625,2512.10009765625,2512.10009765625,79.0
2020-10-12 10:45:00,2512.14990234375,2520.0,2512.14990234375,2520.0,17.0
2020-10-12 10:55:00,2525.0,2525.0,2513.050048828125,2513.050048828125,102.0
2020-10-12 11:00:00,2516.199951171875,2516.199951171875,2516.199951171875,2516.199951171875,3.0
2020-10-12 11:05:00,2516.199951171875,2517.14990234375,2516.199951171875,2517.14990234375,4.0
2020-10-12 11:10:00,2512.0,2512.0,2506.050048828125,2509.0,105.0
2020-10-12 11:15:00,2509.0,2510.0,2506.85009765625,2510.0,45.0
2020-10-12 11:20:00,2508.550048828125,2513.60009765625,2506.050048828125,2506.050048828125,64.0
2020-10-12 11:25:00,2525.0,2525.0,2512.25,2512.25,104.0
2020-10-12 11:30:00,2511.449951171875,2525.0,2511.449951171875,2525.0,133.0
2020-10-12 11:35:00,2514.64990234375,2514.64990234375,2514.64990234375,2514.64990234375,0.0
2020-10-12 11:45:00,2523.85009765625,2523.85009765625,2523.85009765625,2523.85009765625,11.0
2020-10-12 11:50:00,2517.550048828125,2517.550048828125,2517.550048828125,2517.550048828125,2.0
2020-10-12 11:55:00,2515.14990234375,2515.14990234375,2515.10009765625,2515.14990234375,20.0
2020-10-12 12:00:00,2525.0,2525.0,2525.0,2525.0,297.0
2020-10-12 12:05:00,2520.0,2520.0,2515.35009765625,2515.35009765625,0.0
2020-10-12 12:15:00,2515.300048828125,2515.300048828125,2515.300048828125,2515.300048828125,26.0
2020-10-12 12:20:00,2510.0,2510.0,2510.0,2510.0,0.0
2020-10-12 12:25:00,2525.0,2525.0,2515.10009765625,2515.10009765625,196.0
2020-10-12 12:35:00,2515.14990234375,2529.449951171875,2515.14990234375,2529.449951171875,198.0
2020-10-12 12:40:00,2529.449951171875,2529.449951171875,2515.0,2520.0,114.0
2020-10-12 12:45:00,2525.0,2532.199951171875,2525.0,2532.199951171875,107.0
2020-10-12 12:55:00,2525.050048828125,2530.0,2520.39990234375,2520.39990234375,173.0
2020-10-12 13:00:00,2529.050048828125,2529.050048828125,2529.050048828125,2529.050048828125,1.0
2020-10-12 13:05:00,2521.14990234375,2521.14990234375,2513.0,2513.0,75.0
2020-10-12 13:55:00,2506.800048828125,2517.949951171875,2506.800048828125,2517.949951171875,158.0
2020-10-12 14:05:00,2510.050048828125,2517.0,2510.050048828125,2517.0,28.0
2020-10-12 14:10:00,2520.0,2520.0,2520.0,2520.0,71.0
2020-10-12 14:15:00,2515.0,2520.0,2515.0,2520.0,25.0
2020-10-12 14:20:00,2515.0,2515.0,2515.0,2515.0,55.0
2020-10-12 14:25:00,2515.0,2539.0,2515.0,2538.949951171875,410.0
2020-10-12 14:30:00,2538.949951171875,2538.949951171875,2530.0,2530.0,117.0
2020-10-12 14:35:00,2530.050048828125,2530.050048828125,2525.39990234375,2525.39990234375,50.0
2020-10-12 14:40:00,2523.60009765625,2537.449951171875,2523.60009765625,2534.699951171875,42.0
2020-10-12 14:45:00,2534.64990234375,2534.64990234375,2531.64990234375,2531.64990234375,12.0
2020-10-12 14:50:00,2523.10009765625,2523.10009765625,2523.10009765625,2523.10009765625,4.0
2020-10-12 14:55:00,2523.050048828125,2523.050048828125,2523.050048828125,2523.050048828125,2.0
2020-10-12 15:00:00,2522.050048828125,2522.050048828125,2522.0,2522.0,14.0
2020-10-12 15:05:00,2522.0,2530.0,2522.0,2530.0,78.0
2020-10-12 15:10:00,2530.0,2530.0,2530.0,2530.0,98.0
2020-10-12 15:15:00,2531.75,2552.699951171875,2531.75,2544.25,817.0
2020-10-12 15:20:00,2542.800048828125,2545.0,2540.0,2541.89990234375,265.0
2020-10-12 15:25:00,2540.0,2541.89990234375,2526.35009765625,2541.89990234375,0.0
2020-10-13 09:15:00,2550.0,2550.0,2513.199951171875,2541.89990234375,66.0
2020-10-13 09:20:00,2513.25,2520.0,2507.949951171875,2520.0,30.0
2020-10-13 09:25:00,2519.949951171875,2519.949951171875,2511.050048828125,2511.050048828125,0.0
2020-10-13 09:30:00,2512.0,2517.14990234375,2508.050048828125,2512.5,189.0
2020-10-13 09:35:00,2513.050048828125,2513.300048828125,2513.050048828125,2513.25,91.0
2020-10-13 09:40:00,2509.199951171875,2515.0,2509.199951171875,2515.0,37.0
2020-10-13 09:45:00,2515.0,2524.050048828125,2515.0,2523.0,59.0
2020-10-13 09:55:00,2515.25,2515.25,2511.050048828125,2513.0,38.0
2020-10-13 10:05:00,2510.0,2510.0,2510.0,2510.0,35.0
2020-10-13 10:10:00,2517.14990234375,2517.14990234375,2511.10009765625,2511.10009765625,33.0
2020-10-13 10:35:00,2512.0,2517.14990234375,2510.050048828125,2517.14990234375,49.0
2020-10-13 10:45:00,2520.050048828125,2520.050048828125,2512.0,2512.0,30.0
2020-10-13 10:50:00,2523.35009765625,2523.35009765625,2523.35009765625,2523.35009765625,38.0
2020-10-13 10:55:00,2520.949951171875,2520.949951171875,2520.949951171875,2520.949951171875,14.0
2020-10-13 11:00:00,2518.10009765625,2518.10009765625,2511.199951171875,2511.199951171875,59.0
2020-10-13 11:05:00,2520.0,2521.0,2520.0,2520.949951171875,60.0
2020-10-13 11:15:00,2521.0,2521.0,2521.0,2521.0,0.0
2020-10-13 11:20:00,2512.0,2512.0,2512.0,2512.0,18.0
2020-10-13 11:25:00,2512.0,2512.0,2511.10009765625,2511.10009765625,12.0
2020-10-13 11:35:00,2511.14990234375,2511.14990234375,2511.10009765625,2511.10009765625,3.0
2020-10-13 11:40:00,2510.0,2510.0,2500.0,2502.050048828125,517.0
2020-10-13 11:45:00,2507.5,2515.0,2507.5,2515.0,10.0
2020-10-13 11:50:00,2515.0,2515.0,2515.0,2515.0,0.0
2020-10-13 12:15:00,2510.050048828125,2510.10009765625,2510.050048828125,2510.10009765625,2.0
2020-10-13 12:30:00,2514.949951171875,2514.949951171875,2514.949951171875,2514.949951171875,3.0
2020-10-13 12:40:00,2514.85009765625,2514.85009765625,2504.85009765625,2512.75,72.0
2020-10-13 12:45:00,2510.0,2510.0,2500.0,2504.75,284.0
2020-10-13 12:50:00,2503.39990234375,2505.39990234375,2500.050048828125,2505.39990234375,75.0
2020-10-13 13:00:00,2504.949951171875,2504.949951171875,2504.949951171875,2504.949951171875,15.0
2020-10-13 13:05:00,2500.050048828125,2500.050048828125,2500.050048828125,2500.050048828125,0.0
2020-10-13 13:10:00,2500.0,2504.949951171875,2500.0,2504.949951171875,52.0
2020-10-13 13:15:00,2504.949951171875,2505.0,2500.050048828125,2504.949951171875,64.0
2020-10-13 13:20:00,2505.89990234375,2505.89990234375,2505.89990234375,2505.89990234375,5.0
2020-10-13 13:30:00,2500.0,2506.39990234375,2500.0,2506.39990234375,24.0
2020-10-13 13:35:00,2506.89990234375,2506.89990234375,2506.89990234375,2506.89990234375,5.0
2020-10-13 13:45:00,2507.949951171875,2507.949951171875,2507.949951171875,2507.949951171875,5.0
2020-10-13 13:50:00,2508.0,2508.0,2500.0,2507.64990234375,50.0
2020-10-13 14:00:00,2507.64990234375,2507.949951171875,2500.35009765625,2500.39990234375,28.0
2020-10-13 14:05:00,2507.949951171875,2507.949951171875,2500.0,2507.449951171875,132.0
2020-10-13 14:10:00,2500.050048828125,2507.39990234375,2500.0,2504.699951171875,31.0
2020-10-13 14:15:00,2500.050048828125,2506.449951171875,2500.0,2500.050048828125,11.0
2020-10-13 14:20:00,2504.699951171875,2504.75,2500.050048828125,2500.050048828125,9.0
2020-10-13 14:25:00,2504.949951171875,2504.949951171875,2504.449951171875,2504.449951171875,56.0
2020-10-13 14:30:00,2500.050048828125,2504.449951171875,2500.050048828125,2504.449951171875,5.0
2020-10-13 14:35:00,2510.0,2510.0,2510.0,2510.0,119.0
2020-10-13 14:40:00,2515.0,2515.0,2515.0,2515.0,40.0
2020-10-13 14:45:00,2515.0,2515.0,2515.0,2515.0,6.0
2020-10-13 14:50:00,2551.25,2561.14990234375,2550.0,2550.0,997.0
2020-10-13 14:55:00,2550.0,2554.0,2550.0,2554.0,133.0
2020-10-13 15:00:00,2550.300048828125,2551.0,2550.0,2551.0,81.0
2020-10-13 15:05:00,2553.800048828125,2553.800048828125,2550.0,2550.0,570.0
2020-10-13 15:10:00,2550.0,2550.0,2542.0,2542.699951171875,2.0
2020-10-13 15:15:00,2541.75,2544.0,2540.0,2543.300048828125,43.0
2020-10-13 15:20:00,2548.449951171875,2548.449951171875,2525.0,2535.10009765625,175.0
2020-10-13 15:25:00,2535.60009765625,2575.0,2535.10009765625,2549.699951171875,196.0
2020-10-14 09:15:00,2569.0,2569.0,2512.0,2512.25,0.0
2020-10-14 09:20:00,2522.35009765625,2522.39990234375,2511.050048828125,2522.199951171875,66.0
2020-10-14 09:25:00,2515.60009765625,2516.0,2515.10009765625,2515.10009765625,18.0
2020-10-14 09:30:00,2514.949951171875,2514.949951171875,2511.0,2511.0,15.0
2020-10-14 09:35:00,2511.0,2511.0,2510.0,2510.0,98.0
2020-10-14 09:40:00,2510.0,2510.0,2510.0,2510.0,29.0
2020-10-14 09:45:00,2509.550048828125,2515.0,2509.550048828125,2515.0,215.0
2020-10-14 09:50:00,2510.0,2510.050048828125,2510.0,2510.050048828125,9.0
2020-10-14 09:55:00,2510.050048828125,2514.949951171875,2510.0,2514.949951171875,65.0
2020-10-14 10:00:00,2515.0,2515.0,2514.949951171875,2514.949951171875,27.0
2020-10-14 10:05:00,2510.0,2520.0,2510.0,2520.0,250.0
2020-10-14 10:10:00,2515.0,2515.0,2511.0,2515.0,43.0
2020-10-14 10:15:00,2511.10009765625,2511.10009765625,2511.10009765625,2511.10009765625,2.0
2020-10-14 10:25:00,2511.300048828125,2511.300048828125,2511.300048828125,2511.300048828125,3.0
2020-10-14 10:35:00,2512.0,2512.0,2512.0,2512.0,2.0
2020-10-14 10:40:00,2512.0,2512.0,2512.0,2512.0,3.0
2020-10-14 10:45:00,2512.0,2514.64990234375,2512.0,2514.64990234375,1.0
2020-10-14 10:50:00,2514.550048828125,2514.550048828125,2514.550048828125,2514.550048828125,2.0
2020-10-14 10:55:00,2519.64990234375,2519.64990234375,2515.0,2515.0,231.0
2020-10-14 11:10:00,2539.75,2539.75,2539.75,2539.75,209.0
2020-10-14 11:15:00,2534.0,2534.0,2526.050048828125,2526.050048828125,10.0
2020-10-14 11:20:00,2521.0,2526.0,2514.949951171875,2515.699951171875,95.0
2020-10-14 11:25:00,2515.0,2533.89990234375,2515.0,2515.0,338.0
2020-10-14 11:30:00,2515.35009765625,2545.0,2515.10009765625,2516.10009765625,566.0
2020-10-14 11:35:00,2518.0,2547.699951171875,2518.0,2525.0,348.0
2020-10-14 11:40:00,2525.0,2525.0,2525.0,2525.0,7.0
2020-10-14 11:45:00,2535.0,2535.0,2535.0,2535.0,5.0
2020-10-14 11:55:00,2527.449951171875,2527.449951171875,2527.449951171875,2527.449951171875,2.0
2020-10-14 12:00:00,2528.0,2528.0,2528.0,2528.0,19.0
2020-10-14 12:25:00,2532.85009765625,2532.85009765625,2532.85009765625,2532.85009765625,2.0
2020-10-14 12:30:00,2524.75,2524.75,2524.75,2524.75,2.0
2020-10-14 12:35:00,2520.0,2520.0,2520.0,2520.0,29.0
2020-10-14 12:40:00,2523.89990234375,2524.0,2523.800048828125,2524.0,13.0
2020-10-14 12:45:00,2524.0,2524.0,2524.0,2524.0,8.0
2020-10-14 12:50:00,2526.050048828125,2532.800048828125,2526.050048828125,2526.35009765625,6.0
2020-10-14 12:55:00,2526.35009765625,2532.949951171875,2526.35009765625,2532.949951171875,0.0
2020-10-14 13:00:00,2524.75,2524.75,2524.75,2524.75,7.0
2020-10-14 13:10:00,2522.0,2522.0,2522.0,2522.0,6.0
2020-10-14 13:15:00,2523.25,2532.199951171875,2523.25,2525.050048828125,6.0
2020-10-14 13:25:00,2525.050048828125,2525.050048828125,2525.050048828125,2525.050048828125,2.0
2020-10-14 13:35:00,2532.949951171875,2532.949951171875,2524.60009765625,2524.60009765625,9.0
2020-10-14 14:05:00,2524.75,2524.75,2524.75,2524.75,3.0
2020-10-14 14:20:00,2524.0,2524.0,2524.0,2524.0,7.0
2020-10-14 14:30:00,2532.949951171875,2533.0,2532.949951171875,2533.0,5.0
2020-10-14 14:40:00,2525.0,2525.0,2515.0,2515.0,65.0
2020-10-14 14:45:00,2511.550048828125,2529.699951171875,2511.550048828125,2515.0,139.0
2020-10-14 14:50:00,2515.0,2515.0,2515.0,2515.0,6.0
2020-10-14 14:55:00,2516.550048828125,2516.550048828125,2514.949951171875,2515.0,54.0
2020-10-14 15:00:00,2515.050048828125,2515.60009765625,2515.050048828125,2515.60009765625,24.0
2020-10-14 15:05:00,2523.64990234375,2529.0,2515.0,2515.0,53.0
2020-10-14 15:15:00,2516.949951171875,2516.949951171875,2510.0,2513.0,60.0
2020-10-14 15:20:00,2511.050048828125,2511.050048828125,2510.0,2510.050048828125,107.0
2020-10-14 15:25:00,2510.25,2560.0,2510.0,2525.39990234375,513.0
2020-10-15 09:15:00,2514.10009765625,2514.10009765625,2514.10009765625,2514.10009765625,0.0
2020-10-15 09:25:00,2509.89990234375,2510.0,2509.0,2510.0,26.0
2020-10-15 09:30:00,2509.949951171875,2510.0,2509.949951171875,2510.0,27.0
2020-10-15 09:35:00,2515.0,2515.0,2505.14990234375,2505.14990234375,46.0
2020-10-15 09:40:00,2510.0,2510.0,2510.0,2510.0,2.0
2020-10-15 09:45:00,2510.0,2515.0,2510.0,2511.0,7.0
2020-10-15 09:50:00,2511.0,2518.449951171875,2511.0,2518.449951171875,177.0
2020-10-15 09:55:00,2515.050048828125,2515.050048828125,2515.050048828125,2515.050048828125,50.0
2020-10-15 10:05:00,2514.199951171875,2518.5,2514.0,2514.0,40.0
2020-10-15 10:15:00,2511.050048828125,2511.050048828125,2511.050048828125,2511.050048828125,3.0
2020-10-15 10:25:00,2510.0,2510.0,2510.0,2510.0,48.0
2020-10-15 10:30:00,2505.64990234375,2510.0,2505.64990234375,2510.0,57.0
2020-10-15 10:35:00,2510.0,2514.0,2509.5,2514.0,63.0
2020-10-15 10:45:00,2510.0,2510.0,2505.0,2509.14990234375,58.0
2020-10-15 10:50:00,2509.89990234375,2510.0,2509.89990234375,2510.0,16.0
2020-10-15 11:00:00,2510.0,2510.0,2510.0,2510.0,1.0
2020-10-15 11:05:00,2500.050048828125,2512.60009765625,2500.050048828125,2512.60009765625,138.0
2020-10-15 11:15:00,2507.050048828125,2507.050048828125,2507.050048828125,2507.050048828125,3.0
2020-10-15 11:25:00,2512.60009765625,2512.60009765625,2507.85009765625,2510.0,38.0
2020-10-15 11:30:00,2507.0,2511.39990234375,2507.0,2511.39990234375,36.0
2020-10-15 11:35:00,2512.60009765625,2512.60009765625,2512.60009765625,2512.60009765625,1.0
2020-10-15 11:45:00,2507.10009765625,2510.0,2507.0,2510.0,25.0
2020-10-15 11:55:00,2507.0,2511.949951171875,2507.0,2511.949951171875,24.0
2020-10-15 12:00:00,2512.0,2512.0,2512.0,2512.0,2.0
2020-10-15 12:05:00,2510.0,2510.0,2509.050048828125,2509.050048828125,22.0
2020-10-15 12:10:00,2509.0,2510.0,2509.0,2510.0,7.0
2020-10-15 12:20:00,2506.64990234375,2510.0,2506.64990234375,2510.0,9.0
2020-10-15 12:30:00,2511.699951171875,2511.699951171875,2511.699951171875,2511.699951171875,6.0
2020-10-15 12:40:00,2507.300048828125,2521.949951171875,2507.300048828125,2521.949951171875,73.0
2020-10-15 12:45:00,2516.39990234375,2516.39990234375,2516.39990234375,2516.39990234375,6.0
2020-10-15 12:50:00,2511.050048828125,2514.949951171875,2511.050048828125,2514.949951171875,6.0
2020-10-15 12:55:00,2515.0,2521.0,2511.050048828125,2511.050048828125,110.0
2020-10-15 13:00:00,2513.5,2513.5,2511.300048828125,2511.300048828125,0.0
2020-10-15 13:10:00,2511.949951171875,2511.949951171875,2511.949951171875,2511.949951171875,7.0
2020-10-15 13:20:00,2505.64990234375,2513.0,2505.64990234375,2513.0,129.0
2020-10-15 13:25:00,2505.60009765625,2510.699951171875,2500.0,2510.699951171875,274.0
2020-10-15 13:35:00,2509.5,2511.0,2509.5,2511.0,117.0
2020-10-15 13:40:00,2507.0,2507.0,2507.0,2507.0,7.0
2020-10-15 13:45:00,2510.0,2510.449951171875,2508.0,2510.0,347.0
2020-10-15 13:50:00,2510.0,2510.0,2510.0,2510.0,9.0
2020-10-15 13:55:00,2507.0,2510.0,2507.0,2510.0,37.0
2020-10-15 14:00:00,2507.0,2511.0,2507.0,2511.0,23.0
2020-10-15 14:10:00,2507.050048828125,2507.050048828125,2507.050048828125,2507.050048828125,13.0
2020-10-15 14:15:00,2500.949951171875,2510.0,2500.949951171875,2510.0,574.0
2020-10-15 14:20:00,2510.0,2513.5,2507.0,2510.0,49.0
2020-10-15 14:25:00,2507.0,2511.949951171875,2507.0,2511.949951171875,21.0
2020-10-15 14:30:00,2512.0,2512.0,2512.0,2512.0,12.0
2020-10-15 14:35:00,2505.0,2510.0,2505.0,2510.0,124.0
2020-10-15 14:40:00,2506.050048828125,2510.0,2504.85009765625,2510.0,201.0
2020-10-15 14:45:00,2513.0,2513.0,2505.14990234375,2505.14990234375,5.0
2020-10-15 14:50:00,2510.0,2510.0,2510.0,2510.0,11.0
2020-10-15 14:55:00,2510.0,2510.0,2510.0,2510.0,8.0
2020-10-15 15:00:00,2513.0,2515.0,2513.0,2515.0,14.0
2020-10-15 15:05:00,2510.0,2512.050048828125,2507.0,2507.0,102.0
2020-10-15 15:10:00,2510.800048828125,2510.800048828125,2507.0,2509.0,156.0
2020-10-15 15:15:00,2510.0,2515.0,2506.60009765625,2507.0,180.0
2020-10-15 15:20:00,2512.60009765625,2512.60009765625,2508.0,2508.0,38.0
2020-10-15 15:25:00,2506.5,2511.14990234375,2443.39990234375,2511.14990234375,270.0
2020-10-16 09:15:00,2479.0,2515.550048828125,2479.0,2515.550048828125,0.0
2020-10-16 09:20:00,2516.14990234375,2516.14990234375,2516.14990234375,2516.14990234375,4.0
2020-10-16 09:25:00,2516.0,2516.0,2510.0,2510.0,29.0
2020-10-16 09:35:00,2510.10009765625,2527.449951171875,2510.10009765625,2527.449951171875,72.0
2020-10-16 09:40:00,2515.550048828125,2515.550048828125,2511.300048828125,2511.300048828125,44.0
2020-10-16 09:45:00,2510.14990234375,2510.14990234375,2510.0,2510.0,42.0
2020-10-16 09:50:00,2510.0,2510.0,2510.0,2510.0,72.0
2020-10-16 09:55:00,2508.25,2508.25,2508.25,2508.25,13.0
2020-10-16 10:00:00,2510.0,2516.14990234375,2510.0,2516.14990234375,15.0
2020-10-16 10:05:00,2510.85009765625,2510.85009765625,2510.85009765625,2510.85009765625,0.0
2020-10-16 10:10:00,2510.85009765625,2510.85009765625,2509.0,2509.0,112.0
2020-10-16 10:20:00,2510.0,2510.0,2510.0,2510.0,0.0
2020-10-16 10:30:00,2514.300048828125,2514.300048828125,2514.300048828125,2514.300048828125,4.0
2020-10-16 10:35:00,2510.0,2510.0,2510.0,2510.0,33.0
2020-10-16 10:40:00,2520.0,2520.0,2520.0,2520.0,41.0
2020-10-16 10:45:00,2515.0,2515.0,2515.0,2515.0,0.0
2020-10-16 10:50:00,2512.25,2516.800048828125,2512.25,2516.800048828125,587.0
2020-10-16 10:55:00,2511.0,2511.0,2511.0,2511.0,27.0
2020-10-16 11:10:00,2510.0,2510.0,2510.0,2510.0,16.0
2020-10-16 11:15:00,2511.0,2511.0,2511.0,2511.0,14.0
2020-10-16 11:35:00,2513.0,2513.0,2513.0,2513.0,1.0
2020-10-16 12:00:00,2511.0,2511.0,2510.0,2510.0,11.0
2020-10-16 12:15:00,2510.0,2510.0,2510.0,2510.0,8.0
2020-10-16 12:25:00,2510.0,2510.0,2510.0,2510.0,76.0
2020-10-16 12:30:00,2510.0,2510.0,2510.0,2510.0,0.0
2020-10-16 12:40:00,2510.0,2512.0,2510.0,2512.0,16.0
2020-10-16 12:50:00,2511.0,2511.0,2511.0,2511.0,0.0
2020-10-16 12:55:00,2510.0,2511.0,2510.0,2511.0,3.0
2020-10-16 13:00:00,2511.0,2511.0,2510.0,2511.0,36.0
2020-10-16 13:05:00,2515.0,2515.0,2515.0,2515.0,0.0
2020-10-16 13:15:00,2510.0,2510.0,2510.0,2510.0,14.0
2020-10-16 13:20:00,2511.0,2515.0,2511.0,2515.0,5.0
2020-10-16 13:30:00,2509.75,2509.75,2509.75,2509.75,0.0
2020-10-16 13:40:00,2515.0,2515.0,2515.0,2515.0,38.0
2020-10-16 13:45:00,2514.949951171875,2514.949951171875,2514.949951171875,2514.949951171875,0.0
2020-10-16 13:50:00,2511.050048828125,2511.050048828125,2511.050048828125,2511.050048828125,2.0
2020-10-16 13:55:00,2511.0,2511.0,2511.0,2511.0,22.0
2020-10-16 14:00:00,2514.89990234375,2514.89990234375,2510.449951171875,2510.449951171875,12.0
2020-10-16 14:05:00,2510.050048828125,2510.050048828125,2510.050048828125,2510.050048828125,7.0
2020-10-16 14:15:00,2514.949951171875,2514.949951171875,2510.10009765625,2510.10009765625,4.0
2020-10-16 14:20:00,2510.0,2510.0,2510.0,2510.0,79.0
2020-10-16 14:25:00,2514.89990234375,2514.89990234375,2514.89990234375,2514.89990234375,4.0
2020-10-16 14:30:00,2510.0,2510.0,2510.0,2510.0,9.0
2020-10-16 14:50:00,2514.85009765625,2514.85009765625,2514.85009765625,2514.85009765625,1.0
2020-10-16 14:55:00,2510.050048828125,2510.050048828125,2510.0,2510.0,147.0
2020-10-16 15:00:00,2514.75,2518.39990234375,2510.199951171875,2511.050048828125,109.0
2020-10-16 15:05:00,2511.050048828125,2515.25,2511.050048828125,2514.800048828125,174.0
2020-10-16 15:10:00,2514.89990234375,2519.550048828125,2511.39990234375,2514.5,106.0
2020-10-16 15:15:00,2514.5,2519.949951171875,2511.050048828125,2514.5,101.0
2020-10-16 15:20:00,2514.5,2520.0,2514.5,2514.85009765625,118.0
2020-10-16 15:25:00,2514.5,2520.0,2510.0,2514.949951171875,164.0
2020-10-19 09:15:00,2500.0,2511.64990234375,2500.0,2504.800048828125,0.0
2020-10-19 09:20:00,2508.14990234375,2516.550048828125,2508.14990234375,2509.199951171875,0.0
2020-10-19 09:25:00,2519.60009765625,2519.60009765625,2509.89990234375,2516.0,22.0
2020-10-19 09:30:00,2515.949951171875,2527.449951171875,2510.25,2510.25,96.0
2020-10-19 09:35:00,2519.949951171875,2519.949951171875,2514.949951171875,2514.949951171875,8.0
2020-10-19 09:40:00,2514.949951171875,2515.0,2514.949951171875,2515.0,4.0
2020-10-19 09:45:00,2515.0,2522.0,2514.0,2514.949951171875,44.0
2020-10-19 09:50:00,2514.949951171875,2515.0,2514.949951171875,2515.0,5.0
2020-10-19 09:55:00,2515.0,2515.0,2510.39990234375,2514.75,8.0
2020-10-19 10:00:00,2509.050048828125,2514.300048828125,2509.050048828125,2510.0,78.0
2020-10-19 10:10:00,2510.0,2510.0,2510.0,2510.0,374.0
2020-10-19 10:15:00,2512.300048828125,2512.300048828125,2512.300048828125,2512.300048828125,0.0
2020-10-19 10:20:00,2514.949951171875,2514.949951171875,2512.0,2514.949951171875,22.0
2020-10-19 10:25:00,2515.0,2520.0,2515.0,2520.0,71.0
2020-10-19 10:30:00,2515.0,2515.050048828125,2512.0,2512.0,78.0
2020-10-19 10:40:00,2510.199951171875,2514.39990234375,2510.199951171875,2514.39990234375,10.0
2020-10-19 10:45:00,2514.949951171875,2514.949951171875,2514.949951171875,2514.949951171875,1.0
2020-10-19 10:50:00,2510.0,2510.0,2509.949951171875,2509.949951171875,14.0
2020-10-19 10:55:00,2509.949951171875,2510.0,2509.25,2509.25,36.0
2020-10-19 11:05:00,2510.0,2514.949951171875,2508.449951171875,2510.0,136.0
2020-10-19 11:10:00,2508.5,2513.75,2508.5,2513.75,28.0
2020-10-19 11:15:00,2514.89990234375,2514.89990234375,2510.0,2510.0,23.0
2020-10-19 11:20:00,2510.0,2514.89990234375,2510.0,2514.89990234375,39.0
2020-10-19 11:30:00,2509.199951171875,2514.89990234375,2509.199951171875,2514.89990234375,36.0
2020-10-19 11:45:00,2514.0,2514.0,2514.0,2514.0,5.0
2020-10-19 11:50:00,2510.0,2510.0,2509.050048828125,2510.0,22.0
2020-10-19 11:55:00,2514.64990234375,2514.64990234375,2511.300048828125,2511.300048828125,103.0
2020-10-19 12:00:00,2514.300048828125,2514.300048828125,2514.0,2514.0,0.0
2020-10-19 12:05:00,2513.949951171875,2513.949951171875,2510.050048828125,2510.25,115.0
2020-10-19 12:10:00,2510.89990234375,2514.60009765625,2510.050048828125,2511.199951171875,17.0
2020-10-19 12:15:00,2511.199951171875,2514.60009765625,2510.35009765625,2510.64990234375,16.0
2020-10-19 12:20:00,2511.10009765625,2514.10009765625,2510.60009765625,2511.0,18.0
2020-10-19 12:25:00,2510.949951171875,2510.949951171875,2510.0,2510.0,25.0
2020-10-19 12:30:00,2510.0,2510.0,2509.800048828125,2509.800048828125,13.0
2020-10-19 12:35:00,2509.75,2509.75,2509.449951171875,2509.449951171875,7.0
2020-10-19 12:40:00,2509.39990234375,2509.39990234375,2509.10009765625,2509.10009765625,7.0
2020-10-19 12:45:00,2509.050048828125,2513.0,2508.89990234375,2510.0,22.0
2020-10-19 12:50:00,2510.0,2510.0,2510.0,2510.0,7.0
2020-10-19 12:55:00,2510.0,2513.0,2510.0,2510.0,19.0
2020-10-19 13:00:00,2510.0,2510.0,2510.0,2510.0,8.0
2020-10-19 13:05:00,2510.0,2513.0,2510.0,2510.0,8.0
2020-10-19 13:10:00,2510.0,2512.89990234375,2510.0,2510.0,9.0
2020-10-19 13:15:00,2510.0,2512.89990234375,2510.0,2510.0,17.0
2020-10-19 13:20:00,2510.0,2510.0,2509.89990234375,2509.89990234375,46.0
2020-10-19 13:25:00,2509.85009765625,2509.85009765625,2509.550048828125,2509.550048828125,7.0
2020-10-19 13:30:00,2509.5,2509.5,2509.050048828125,2509.300048828125,27.0
2020-10-19 13:35:00,2509.5,2509.550048828125,2509.35009765625,2509.39990234375,15.0
2020-10-19 13:40:00,2509.550048828125,2510.0,2509.550048828125,2509.85009765625,8.0
2020-10-19 13:45:00,2509.800048828125,2512.85009765625,2509.550048828125,2509.89990234375,107.0
2020-10-19 13:50:00,2509.85009765625,2509.85009765625,2509.64990234375,2509.75,9.0
2020-10-19 13:55:00,2509.699951171875,2513.10009765625,2509.60009765625,2510.050048828125,218.0
2020-10-19 14:00:00,2510.14990234375,2516.0,2510.0,2510.39990234375,125.0
2020-10-19 14:05:00,2511.39990234375,2514.199951171875,2510.050048828125,2510.050048828125,33.0
2020-10-19 14:10:00,2510.050048828125,2510.050048828125,2510.050048828125,2510.050048828125,13.0
2020-10-19 14:15:00,2515.0,2518.0,2511.949951171875,2515.0,344.0
2020-10-19 14:20:00,2513.10009765625,2513.10009765625,2510.10009765625,2510.10009765625,0.0
2020-10-19 14:25:00,2510.10009765625,2510.449951171875,2510.10009765625,2510.199951171875,6.0
2020-10-19 14:30:00,2510.199951171875,2515.800048828125,2510.10009765625,2510.10009765625,139.0
2020-10-19 14:35:00,2510.39990234375,2510.39990234375,2510.10009765625,2510.10009765625,8.0
2020-10-19 14:40:00,2510.10009765625,2513.0,2510.050048828125,2510.050048828125,56.0
2020-10-19 14:45:00,2513.0,2514.75,2510.0,2514.75,80.0
2020-10-19 14:50:00,2514.75,2515.0,2510.0,2514.949951171875,50.0
2020-10-19 14:55:00,2515.0,2525.0,2510.14990234375,2520.0,138.0
2020-10-19 15:00:00,2520.35009765625,2520.35009765625,2511.550048828125,2515.0,453.0
2020-10-19 15:05:00,2515.0,2515.050048828125,2511.550048828125,2514.89990234375,63.0
2020-10-19 15:10:00,2514.89990234375,2520.0,2511.550048828125,2515.60009765625,330.0
2020-10-19 15:15:00,2515.64990234375,2515.64990234375,2515.0,2515.050048828125,343.0
2020-10-19 15:20:00,2515.050048828125,2515.75,2515.0,2515.10009765625,289.0
2020-10-19 15:25:00,2520.0,2524.949951171875,2515.0,2515.89990234375,491.0
2020-10-20 09:15:00,2516.0,2518.75,2501.14990234375,2518.75,0.0
2020-10-20 09:20:00,2512.050048828125,2512.050048828125,2512.050048828125,2512.050048828125,60.0
2020-10-20 09:25:00,2512.050048828125,2518.75,2512.050048828125,2513.35009765625,261.0
2020-10-20 09:30:00,2515.0,2515.0,2510.300048828125,2510.64990234375,49.0
2020-10-20 09:35:00,2513.949951171875,2515.0,2510.550048828125,2514.949951171875,148.0
2020-10-20 09:40:00,2514.699951171875,2514.949951171875,2510.5,2514.949951171875,124.0
2020-10-20 09:45:00,2516.89990234375,2516.89990234375,2516.89990234375,2516.89990234375,1.0
2020-10-20 09:50:00,2516.89990234375,2520.0,2516.89990234375,2520.0,866.0
2020-10-20 09:55:00,2520.0,2520.0,2520.0,2520.0,0.0
2020-10-20 10:00:00,2525.0,2530.0,2525.0,2530.0,0.0
2020-10-20 10:05:00,2530.0,2538.25,2522.550048828125,2522.550048828125,64.0
2020-10-20 10:10:00,2535.75,2535.75,2535.75,2535.75,7.0
2020-10-20 10:15:00,2534.0,2535.0,2520.0,2525.0,512.0
2020-10-20 10:20:00,2525.0,2529.949951171875,2525.0,2529.949951171875,7.0
2020-10-20 10:25:00,2525.949951171875,2526.0,2525.949951171875,2526.0,9.0
2020-10-20 10:30:00,2525.10009765625,2525.10009765625,2525.10009765625,2525.10009765625,8.0
2020-10-20 10:35:00,2530.75,2535.0,2528.64990234375,2528.64990234375,103.0
2020-10-20 10:40:00,2533.60009765625,2533.60009765625,2533.60009765625,2533.60009765625,3.0
2020-10-20 10:45:00,2534.949951171875,2540.35009765625,2534.949951171875,2540.35009765625,148.0
2020-10-20 10:50:00,2545.0,2599.0,2545.0,2589.0,1101.0
2020-10-20 10:55:00,2589.699951171875,2593.0,2580.0,2580.050048828125,244.0
2020-10-20 11:00:00,2584.949951171875,2586.0,2580.0,2586.0,88.0
2020-10-20 11:05:00,2581.550048828125,2581.550048828125,2581.5,2581.5,8.0
2020-10-20 11:10:00,2580.10009765625,2580.85009765625,2552.64990234375,2552.64990234375,415.0
2020-10-20 11:15:00,2548.800048828125,2570.0,2546.0,2562.60009765625,169.0
2020-10-20 11:20:00,2565.300048828125,2569.0,2556.0,2556.0,93.0
2020-10-20 11:25:00,2560.0,2560.0,2556.0,2556.0,56.0
2020-10-20 11:30:00,2562.85009765625,2562.85009765625,2559.0,2559.050048828125,20.0
2020-10-20 11:35:00,2560.0,2562.800048828125,2559.0,2562.800048828125,3.0
2020-10-20 11:40:00,2562.800048828125,2579.449951171875,2562.800048828125,2579.449951171875,93.0
2020-10-20 11:45:00,2571.949951171875,2571.949951171875,2560.550048828125,2560.550048828125,104.0
2020-10-20 11:50:00,2562.300048828125,2564.050048828125,2553.64990234375,2553.64990234375,67.0
2020-10-20 12:05:00,2559.89990234375,2562.0,2559.89990234375,2562.0,43.0
2020-10-20 12:10:00,2555.10009765625,2555.10009765625,2555.050048828125,2555.050048828125,2.0
2020-10-20 12:15:00,2567.64990234375,2579.0,2564.5,2564.5,114.0
2020-10-20 12:20:00,2561.14990234375,2565.550048828125,2561.14990234375,2561.25,16.0
2020-10-20 12:25:00,2561.10009765625,2561.64990234375,2560.0,2561.64990234375,8.0
2020-10-20 12:30:00,2561.050048828125,2562.199951171875,2561.050048828125,2561.050048828125,45.0
2020-10-20 12:35:00,2561.050048828125,2563.199951171875,2561.050048828125,2561.050048828125,5.0
2020-10-20 12:40:00,2556.75,2558.5,2555.10009765625,2555.10009765625,5.0
2020-10-20 12:45:00,2558.5,2558.5,2558.5,2558.5,6.0
2020-10-20 12:50:00,2555.14990234375,2555.14990234375,2555.14990234375,2555.14990234375,2.0
2020-10-20 12:55:00,2555.10009765625,2555.14990234375,2553.0,2553.0,88.0
2020-10-20 13:00:00,2553.0,2553.0,2553.0,2553.0,0.0
2020-10-20 13:05:00,2553.0,2555.10009765625,2553.0,2555.10009765625,5.0
2020-10-20 13:15:00,2553.0,2553.0,2553.0,2553.0,0.0
2020-10-20 13:20:00,2553.0,2554.35009765625,2553.0,2553.0,42.0
2020-10-20 13:30:00,2553.199951171875,2553.199951171875,2545.199951171875,2545.199951171875,62.0
2020-10-20 13:35:00,2541.699951171875,2541.699951171875,2536.300048828125,2539.949951171875,7.0
2020-10-20 13:40:00,2540.0,2540.0,2540.0,2540.0,4.0
2020-10-20 13:50:00,2540.0,2540.0,2537.5,2537.5,13.0
2020-10-20 13:55:00,2540.0,2544.89990234375,2540.0,2544.89990234375,105.0
2020-10-20 14:00:00,2542.39990234375,2542.39990234375,2542.39990234375,2542.39990234375,4.0
2020-10-20 14:10:00,2543.39990234375,2543.39990234375,2543.39990234375,2543.39990234375,2.0
2020-10-20 14:15:00,2541.10009765625,2541.10009765625,2541.10009765625,2541.10009765625,1.0
2020-10-20 14:30:00,2537.050048828125,2537.050048828125,2537.050048828125,2537.050048828125,2.0
2020-10-20 14:35:00,2538.85009765625,2538.85009765625,2531.10009765625,2531.10009765625,43.0
2020-10-20 14:45:00,2537.800048828125,2540.0,2536.050048828125,2536.050048828125,19.0
2020-10-20 14:50:00,2540.949951171875,2541.0,2540.949951171875,2541.0,13.0
2020-10-20 15:00:00,2535.0,2535.0,2535.0,2535.0,10.0
2020-10-20 15:05:00,2535.050048828125,2535.050048828125,2535.0,2535.0,0.0
2020-10-20 15:10:00,2536.0,2536.0,2536.0,2536.0,5825.0
2020-10-20 15:15:00,2541.0,2549.949951171875,2530.0,2544.449951171875,155.0
2020-10-20 15:20:00,2549.60009765625,2549.60009765625,2542.0,2542.0,24.0
2020-10-20 15:25:00,2543.050048828125,2558.5,2541.14990234375,2541.14990234375,28.0
2020-10-21 09:15:00,2590.0,2590.0,2555.199951171875,2559.949951171875,0.0
2020-10-21 09:20:00,2555.050048828125,2559.949951171875,2555.050048828125,2559.949951171875,12.0
2020-10-21 09:25:00,2560.0,2578.0,2558.5,2560.0,231.0
2020-10-21 09:30:00,2560.0,2579.949951171875,2560.0,2568.85009765625,171.0
2020-10-21 09:35:00,2569.0,2569.050048828125,2555.0,2555.0,93.0
2020-10-21 09:40:00,2559.89990234375,2566.5,2559.89990234375,2564.89990234375,54.0
2020-10-21 09:45:00,2568.0,2568.0,2565.050048828125,2568.0,29.0
2020-10-21 09:50:00,2568.0,2569.0,2555.0,2560.0,136.0
2020-10-21 09:55:00,2553.25,2570.0,2553.25,2570.0,107.0
2020-10-21 10:00:00,2569.949951171875,2570.0,2560.050048828125,2560.050048828125,67.0
2020-10-21 10:05:00,2560.050048828125,2560.10009765625,2553.0,2553.0,73.0
2020-10-21 10:10:00,2553.0,2557.0,2546.64990234375,2546.64990234375,174.0
2020-10-21 10:20:00,2545.0,2554.35009765625,2545.0,2554.35009765625,35.0
2020-10-21 10:25:00,2547.199951171875,2547.199951171875,2547.199951171875,2547.199951171875,1.0
2020-10-21 10:30:00,2550.0,2553.5,2547.199951171875,2553.5,56.0
2020-10-21 10:35:00,2553.5,2569.0,2553.5,2559.949951171875,256.0
2020-10-21 10:45:00,2569.35009765625,2569.89990234375,2559.89990234375,2562.0,169.0
2020-10-21 10:50:00,2556.050048828125,2556.050048828125,2556.050048828125,2556.050048828125,4.0
2020-10-21 10:55:00,2556.0,2562.0,2556.0,2562.0,4.0
2020-10-21 11:00:00,2560.0,2565.949951171875,2560.0,2565.949951171875,45.0
2020-10-21 11:05:00,2560.800048828125,2565.0,2560.800048828125,2565.0,15.0
2020-10-21 11:10:00,2566.949951171875,2566.949951171875,2566.949951171875,2566.949951171875,1.0
2020-10-21 11:15:00,2566.949951171875,2566.949951171875,2560.75,2566.85009765625,19.0
2020-10-21 11:20:00,2569.25,2571.199951171875,2569.25,2571.199951171875,112.0
2020-10-21 11:25:00,2571.199951171875,2571.199951171875,2565.550048828125,2565.550048828125,39.0
2020-10-21 11:30:00,2567.60009765625,2571.0,2564.10009765625,2571.0,97.0
2020-10-21 11:35:00,2570.0,2571.0,2563.5,2568.949951171875,69.0
2020-10-21 11:40:00,2564.60009765625,2569.89990234375,2564.050048828125,2568.5,10.0
2020-10-21 11:55:00,2566.0,2571.5,2566.0,2571.5,192.0
2020-10-21 12:00:00,2571.5,2571.5,2567.050048828125,2567.5,20.0
2020-10-21 12:05:00,2576.85009765625,2585.0,2570.0,2570.0,301.0
2020-10-21 12:10:00,2577.5,2577.5,2570.050048828125,2574.89990234375,0.0
2020-10-21 12:15:00,2570.75,2570.75,2566.050048828125,2570.0,12.0
2020-10-21 12:20:00,2574.949951171875,2575.0,2566.64990234375,2569.550048828125,15.0
2020-10-21 12:25:00,2566.39990234375,2575.050048828125,2566.39990234375,2566.64990234375,6.0
2020-10-21 12:30:00,2566.0,2581.0,2566.0,2580.050048828125,578.0
2020-10-21 12:35:00,2580.050048828125,2580.050048828125,2574.949951171875,2579.0,50.0
2020-10-21 12:40:00,2579.0,2582.0,2572.050048828125,2575.0,150.0
2020-10-21 12:45:00,2573.050048828125,2581.949951171875,2572.699951171875,2579.85009765625,0.0
2020-10-21 12:50:00,2579.85009765625,2595.0,2577.0,2588.050048828125,346.0
2020-10-21 12:55:00,2588.199951171875,2599.050048828125,2588.199951171875,2599.050048828125,239.0
2020-10-21 13:00:00,2599.0,2599.0,2585.0,2592.39990234375,243.0
2020-10-21 13:05:00,2585.300048828125,2599.0,2585.300048828125,2599.0,256.0
2020-10-21 13:10:00,2599.0,2599.0,2585.0,2595.0,128.0
2020-10-21 13:15:00,2595.0,2595.0,2592.0,2592.0,159.0
2020-10-21 13:20:00,2595.0,2595.5,2591.60009765625,2591.60009765625,55.0
2020-10-21 13:25:00,2585.0,2593.0,2585.0,2593.0,376.0
2020-10-21 13:30:00,2590.199951171875,2593.0,2581.5,2581.5,238.0
2020-10-21 13:35:00,2580.0,2590.25,2580.0,2589.75,191.0
2020-10-21 13:40:00,2585.050048828125,2585.050048828125,2580.0,2584.0,144.0
2020-10-21 13:45:00,2588.10009765625,2590.300048828125,2585.25,2590.0,68.0
2020-10-21 13:50:00,2590.050048828125,2593.949951171875,2581.10009765625,2584.800048828125,17.0
2020-10-21 13:55:00,2585.0,2585.0,2584.699951171875,2584.699951171875,8.0
2020-10-21 14:00:00,2590.949951171875,2597.199951171875,2581.300048828125,2586.5,195.0
2020-10-21 14:05:00,2586.35009765625,2587.949951171875,2583.300048828125,2587.800048828125,15.0
2020-10-21 14:10:00,2580.0,2587.5,2580.0,2582.25,62.0
2020-10-21 14:15:00,2579.550048828125,2581.25,2570.0,2572.699951171875,51.0
2020-10-21 14:20:00,2576.89990234375,2579.0,2570.10009765625,2570.10009765625,17.0
2020-10-21 14:25:00,2571.10009765625,2577.85009765625,2571.050048828125,2577.75,42.0
2020-10-21 14:30:00,2577.75,2587.0,2571.050048828125,2586.949951171875,95.0
2020-10-21 14:35:00,2580.14990234375,2586.949951171875,2580.14990234375,2585.0,21.0
2020-10-21 14:40:00,2585.0,2589.949951171875,2580.050048828125,2589.949951171875,124.0
2020-10-21 14:45:00,2580.14990234375,2580.14990234375,2580.14990234375,2580.14990234375,0.0
2020-10-21 14:50:00,2583.449951171875,2583.449951171875,2583.449951171875,2583.449951171875,0.0
2020-10-21 14:55:00,2589.949951171875,2589.949951171875,2589.949951171875,2589.949951171875,6902.0
2020-10-21 15:00:00,2595.0,2595.0,2586.89990234375,2594.89990234375,68.0
2020-10-21 15:05:00,2594.949951171875,2598.800048828125,2594.949951171875,2598.800048828125,72.0
2020-10-21 15:10:00,2598.800048828125,2620.0,2594.949951171875,2617.800048828125,919.0
2020-10-21 15:15:00,2612.550048828125,2635.0,2611.75,2635.0,440.0
2020-10-21 15:20:00,2630.050048828125,2644.89990234375,2630.0,2644.89990234375,596.0
2020-10-21 15:25:00,2644.89990234375,2680.0,2627.89990234375,2627.89990234375,0.0
2020-10-22 09:15:00,2610.10009765625,2659.949951171875,2610.10009765625,2659.949951171875,165.0
2020-10-22 09:20:00,2659.949951171875,2659.949951171875,2640.0,2642.199951171875,202.0
2020-10-22 09:25:00,2647.949951171875,2650.14990234375,2642.25,2650.14990234375,116.0
2020-10-22 09:30:00,2650.14990234375,2650.14990234375,2642.199951171875,2648.89990234375,137.0
2020-10-22 09:35:00,2650.10009765625,2651.35009765625,2604.800048828125,2612.0,567.0
2020-10-22 09:40:00,2616.75,2638.0,2611.75,2637.699951171875,80.0
2020-10-22 09:45:00,2637.949951171875,2642.0,2630.0,2637.949951171875,297.0
2020-10-22 09:50:00,2638.0,2638.0,2601.0,2610.0,357.0
2020-10-22 09:55:00,2614.85009765625,2620.0,2614.85009765625,2620.0,567.0
2020-10-22 10:00:00,2620.0,2620.0,2617.0,2620.0,0.0
2020-10-22 10:05:00,2620.0,2638.10009765625,2620.0,2637.60009765625,109.0
2020-10-22 10:10:00,2638.35009765625,2638.35009765625,2617.0,2638.0,99.0
2020-10-22 10:15:00,2639.0,2648.449951171875,2638.0,2646.949951171875,97.0
2020-10-22 10:20:00,2646.949951171875,2648.0,2643.10009765625,2647.0,139.0
2020-10-22 10:25:00,2647.0,2647.0,2636.0,2636.0,75.0
2020-10-22 10:30:00,2639.949951171875,2646.0,2628.949951171875,2646.0,128.0
2020-10-22 10:35:00,2645.949951171875,2646.0,2620.550048828125,2643.949951171875,161.0
2020-10-22 10:40:00,2643.949951171875,2644.949951171875,2643.89990234375,2643.89990234375,54.0
2020-10-22 10:45:00,2643.949951171875,2643.949951171875,2638.64990234375,2642.949951171875,60.0
2020-10-22 10:50:00,2642.949951171875,2646.0,2642.949951171875,2646.0,56.0
2020-10-22 10:55:00,2646.0,2646.0,2639.050048828125,2646.0,53.0
2020-10-22 11:00:00,2646.0,2649.5,2638.800048828125,2647.89990234375,52.0
2020-10-22 11:05:00,2647.699951171875,2650.0,2633.0,2640.550048828125,112.0
2020-10-22 11:10:00,2636.050048828125,2649.0,2636.0,2649.0,70.0
2020-10-22 11:15:00,2649.0,2650.0,2625.10009765625,2650.0,220.0
2020-10-22 11:20:00,2650.0,2670.0,2650.0,2668.0,493.0
2020-10-22 11:25:00,2668.0,2668.0,2650.0,2656.89990234375,58571.0
2020-10-22 11:30:00,2656.89990234375,2661.60009765625,2650.0,2656.89990234375,155.0
2020-10-22 11:35:00,2663.25,2667.949951171875,2659.0,2659.0,77.0
2020-10-22 11:40:00,2667.0,2681.0,2667.0,2677.0,800.0
2020-10-22 11:45:00,2677.0,2691.0,2677.0,2682.0,263.0
2020-10-22 11:50:00,2684.699951171875,2690.0,2684.699951171875,2685.5,123.0
2020-10-22 11:55:00,2687.35009765625,2687.35009765625,2684.0,2684.0,28.0
2020-10-22 12:00:00,2687.25,2699.0,2687.0,2698.0,824.0
2020-10-22 12:05:00,2698.949951171875,2730.0,2698.949951171875,2721.64990234375,1069.0
2020-10-22 12:10:00,2721.800048828125,2728.0,2711.0,2712.550048828125,454.0
2020-10-22 12:15:00,2711.25,2715.449951171875,2690.0,2690.0,525.0
2020-10-22 12:20:00,2694.300048828125,2720.0,2694.300048828125,2717.800048828125,187.0
2020-10-22 12:25:00,2720.0,2725.0,2715.0,2719.949951171875,295.0
2020-10-22 12:30:00,2715.0,2735.0,2715.0,2732.25,584.0
2020-10-22 12:35:00,2735.0,2736.0,2730.0,2730.0,122.0
2020-10-22 12:40:00,2731.949951171875,2735.0,2730.050048828125,2735.0,80.0
2020-10-22 12:45:00,2736.0,2752.0,2731.89990234375,2747.0,838.0
2020-10-22 12:50:00,2747.949951171875,2748.0,2740.0,2745.0,380.0
2020-10-22 12:55:00,2744.050048828125,2746.050048828125,2736.050048828125,2746.050048828125,319.0
2020-10-22 13:00:00,2745.0,2750.0,2738.0,2738.0,936.0
2020-10-22 13:05:00,2739.10009765625,2765.449951171875,2736.050048828125,2765.449951171875,969.0
2020-10-22 13:10:00,2765.60009765625,2821.0,2756.85009765625,2810.300048828125,3656.0
2020-10-22 13:15:00,2811.050048828125,2828.0,2793.0,2807.449951171875,4694.0
2020-10-22 13:20:00,2804.85009765625,2807.0,2779.5,2784.14990234375,1498.0
2020-10-22 13:25:00,2778.050048828125,2796.0,2775.050048828125,2790.0,1176.0
2020-10-22 13:30:00,2788.949951171875,2789.800048828125,2777.0,2785.0,604.0
2020-10-22 13:35:00,2785.0,2808.5,2782.85009765625,2805.0,1586.0
2020-10-22 13:40:00,2809.800048828125,2809.800048828125,2782.449951171875,2785.050048828125,1561.0
2020-10-22 13:45:00,2784.0,2806.949951171875,2784.0,2800.0,1002.0
2020-10-22 13:50:00,2799.89990234375,2802.449951171875,2794.949951171875,2800.0,263.0
2020-10-22 13:55:00,2800.0,2800.0,2780.050048828125,2783.0,485.0
2020-10-22 14:00:00,2787.949951171875,2791.39990234375,2783.0,2783.14990234375,577.0
2020-10-22 14:05:00,2783.199951171875,2789.800048828125,2777.300048828125,2780.0,1231.0
2020-10-22 14:10:00,2779.199951171875,2780.0,2754.35009765625,2754.35009765625,1200.0
2020-10-22 14:15:00,2754.300048828125,2770.5,2723.199951171875,2761.300048828125,2043.0
2020-10-22 14:20:00,2756.5,2773.89990234375,2750.0,2770.0,756.0
2020-10-22 14:25:00,2772.0,2772.0,2761.10009765625,2770.0,231.0
2020-10-22 14:30:00,2770.0,2770.0,2761.050048828125,2770.0,653.0
2020-10-22 14:35:00,2769.949951171875,2771.5,2765.0,2765.050048828125,636.0
2020-10-22 14:40:00,2771.5,2771.5,2765.0,2765.0,366.0
2020-10-22 14:45:00,2765.89990234375,2774.949951171875,2764.0,2772.0,443.0
2020-10-22 14:50:00,2772.0,2772.0,2765.0,2766.0,235.0
2020-10-22 14:55:00,2760.050048828125,2768.89990234375,2760.050048828125,2765.0,624.0
2020-10-22 15:00:00,2769.89990234375,2770.0,2754.0,2754.0,765.0
2020-10-22 15:05:00,2750.550048828125,2753.0,2722.550048828125,2730.0,1250.0
2020-10-22 15:10:00,2734.0,2735.0,2725.0,2725.0,580.0
2020-10-22 15:15:00,2723.0,2725.0,2678.25,2701.39990234375,1526.0
2020-10-22 15:20:00,2700.0,2701.60009765625,2679.0,2689.39990234375,771.0
2020-10-22 15:25:00,2689.35009765625,2715.10009765625,2626.0,2715.10009765625,0.0
2020-10-23 09:15:00,2739.0,2798.949951171875,2739.0,2798.64990234375,711.0
2020-10-23 09:20:00,2799.0,2799.0,2745.0,2764.0,818.0
2020-10-23 09:25:00,2756.25,2772.39990234375,2755.550048828125,2772.39990234375,171.0
2020-10-23 09:30:00,2774.0,2774.0,2740.199951171875,2745.199951171875,194.0
2020-10-23 09:35:00,2745.0,2748.60009765625,2740.0,2747.550048828125,374.0
2020-10-23 09:40:00,2754.89990234375,2755.0,2745.0,2749.0,131.0
2020-10-23 09:45:00,2749.0,2765.800048828125,2749.0,2759.10009765625,319.0
2020-10-23 09:50:00,2758.25,2775.0,2752.35009765625,2775.0,158.0
2020-10-23 09:55:00,2775.0,2777.0,2769.0,2776.800048828125,127.0
2020-10-23 10:00:00,2775.0,2778.10009765625,2774.0,2777.35009765625,139.0
2020-10-23 10:05:00,2780.0,2780.0,2779.89990234375,2780.0,600.0
2020-10-23 10:10:00,2777.0,2780.0,2775.85009765625,2777.0,34.0
2020-10-23 10:15:00,2769.89990234375,2777.0,2760.050048828125,2766.0,351.0
2020-10-23 10:20:00,2767.0,2767.949951171875,2751.300048828125,2751.300048828125,346.0
2020-10-23 10:30:00,2753.050048828125,2759.14990234375,2745.10009765625,2745.10009765625,95.0
2020-10-23 10:35:00,2745.10009765625,2749.0,2745.10009765625,2749.0,37.0
2020-10-23 10:40:00,2749.0,2749.0,2745.050048828125,2748.949951171875,136.0
2020-10-23 10:45:00,2747.699951171875,2750.0,2747.699951171875,2750.0,257.0
2020-10-23 10:50:00,2749.949951171875,2750.0,2746.0,2750.0,0.0
2020-10-23 10:55:00,2750.0,2750.0,2746.050048828125,2746.050048828125,37.0
2020-10-23 11:00:00,2746.0,2750.5,2746.0,2750.199951171875,139.0
2020-10-23 11:05:00,2751.85009765625,2759.25,2751.85009765625,2759.14990234375,15.0
2020-10-23 11:15:00,2756.14990234375,2756.14990234375,2756.14990234375,2756.14990234375,0.0
2020-10-23 11:20:00,2757.85009765625,2776.050048828125,2757.85009765625,2762.60009765625,256.0
2020-10-23 11:25:00,2764.10009765625,2769.75,2764.10009765625,2766.0,35.0
2020-10-23 11:30:00,2766.0,2768.64990234375,2766.0,2768.64990234375,30.0
2020-10-23 11:35:00,2772.449951171875,2772.449951171875,2768.050048828125,2768.050048828125,166.0
2020-10-23 11:40:00,2772.5,2772.5,2769.199951171875,2770.0,198.0
2020-10-23 11:45:00,2770.050048828125,2770.050048828125,2765.39990234375,2768.60009765625,0.0
2020-10-23 11:50:00,2769.800048828125,2769.800048828125,2769.550048828125,2769.550048828125,8.0
2020-10-23 11:55:00,2767.25,2767.25,2761.949951171875,2764.10009765625,28.0
2020-10-23 12:00:00,2760.89990234375,2763.60009765625,2759.10009765625,2763.550048828125,68.0
2020-10-23 12:05:00,2763.550048828125,2769.949951171875,2760.0,2767.050048828125,81.0
2020-10-23 12:10:00,2763.550048828125,2763.550048828125,2755.0,2758.85009765625,61.0
2020-10-23 12:15:00,2756.949951171875,2756.949951171875,2755.85009765625,2755.85009765625,7.0
2020-10-23 12:20:00,2758.949951171875,2758.949951171875,2747.050048828125,2755.39990234375,156.0
2020-10-23 12:25:00,2758.25,2758.25,2751.300048828125,2751.300048828125,33.0
2020-10-23 12:30:00,2752.10009765625,2760.449951171875,2752.10009765625,2760.449951171875,22.0
2020-10-23 12:35:00,2755.14990234375,2760.0,2755.14990234375,2759.39990234375,47.0
2020-10-23 12:40:00,2759.39990234375,2759.449951171875,2755.5,2759.449951171875,44.0
2020-10-23 12:45:00,2759.25,2759.25,2757.050048828125,2757.050048828125,7.0
2020-10-23 12:50:00,2758.050048828125,2758.050048828125,2752.800048828125,2752.800048828125,34.0
2020-10-23 12:55:00,2752.800048828125,2752.800048828125,2752.10009765625,2752.10009765625,7.0
2020-10-23 13:00:00,2752.10009765625,2754.949951171875,2752.10009765625,2752.14990234375,7.0
2020-10-23 13:05:00,2752.14990234375,2753.0,2748.25,2748.300048828125,56.0
2020-10-23 13:10:00,2748.300048828125,2748.949951171875,2748.25,2748.5,55.0
2020-10-23 13:15:00,2748.5,2748.5,2746.14990234375,2746.14990234375,60.0
2020-10-23 13:20:00,2748.0,2748.0,2740.199951171875,2740.199951171875,169.0
2020-10-23 13:25:00,2740.199951171875,2744.0,2740.199951171875,2740.199951171875,23.0
2020-10-23 13:30:00,2740.199951171875,2742.39990234375,2733.949951171875,2733.949951171875,20.0
2020-10-23 13:35:00,2731.39990234375,2733.449951171875,2730.0,2730.0,24.0
2020-10-23 13:40:00,2730.0,2730.0,2709.949951171875,2709.949951171875,212.0
2020-10-23 13:45:00,2706.60009765625,2719.0,2706.60009765625,2718.800048828125,89.0
2020-10-23 13:50:00,2720.050048828125,2736.949951171875,2715.550048828125,2717.050048828125,195.0
2020-10-23 13:55:00,2717.10009765625,2717.10009765625,2705.0,2705.050048828125,110.0
2020-10-23 14:00:00,2708.60009765625,2708.60009765625,2694.449951171875,2694.449951171875,239.0
2020-10-23 14:05:00,2699.60009765625,2699.60009765625,2694.60009765625,2694.60009765625,99.0
2020-10-23 14:10:00,2700.0,2700.0,2693.89990234375,2694.050048828125,402.0
2020-10-23 14:15:00,2698.550048828125,2700.0,2694.14990234375,2699.85009765625,160.0
2020-10-23 14:20:00,2699.85009765625,2700.0,2695.0,2695.14990234375,284.0
2020-10-23 14:25:00,2695.0,2699.699951171875,2695.0,2695.0,57.0
2020-10-23 14:30:00,2697.89990234375,2698.89990234375,2692.0,2692.0,84.0
2020-10-23 14:35:00,2690.0,2692.800048828125,2689.0,2690.0,63.0
2020-10-23 14:40:00,2690.0,2694.550048828125,2685.0,2687.0,233.0
2020-10-23 14:45:00,2690.449951171875,2698.89990234375,2684.449951171875,2696.0,128.0
2020-10-23 14:50:00,2696.0,2700.0,2684.449951171875,2694.89990234375,140.0
2020-10-23 14:55:00,2694.89990234375,2700.949951171875,2689.699951171875,2700.699951171875,148.0
2020-10-23 15:00:00,2700.89990234375,2708.14990234375,2692.050048828125,2696.949951171875,144.0
2020-10-23 15:05:00,2696.949951171875,2697.0,2684.39990234375,2689.60009765625,292.0
2020-10-23 15:10:00,2689.5,2695.0,2684.050048828125,2688.75,494.0
2020-10-23 15:15:00,2682.050048828125,2689.60009765625,2656.300048828125,2680.0,531.0
2020-10-23 15:20:00,2680.0,2680.0,2671.300048828125,2680.0,189.0
2020-10-23 15:25:00,2680.0,2735.0,2679.85009765625,2685.949951171875,218.0
2020-10-26 09:15:00,2690.0,2738.0,2690.0,2722.0,0.0
2020-10-26 09:20:00,2730.0,2734.5,2730.0,2734.5,169.0
2020-10-26 09:25:00,2733.550048828125,2739.949951171875,2727.199951171875,2739.75,103.0
2020-10-26 09:30:00,2739.89990234375,2745.0,2735.85009765625,2745.0,48.0
2020-10-26 09:35:00,2745.0,2746.0,2739.0,2739.89990234375,207.0
2020-10-26 09:40:00,2739.89990234375,2748.35009765625,2739.0,2740.0,211.0
2020-10-26 09:45:00,2739.0,2743.64990234375,2739.0,2743.64990234375,27.0
2020-10-26 09:50:00,2743.89990234375,2744.0,2731.14990234375,2731.14990234375,400.0
2020-10-26 09:55:00,2720.199951171875,2730.0,2720.199951171875,2730.0,61.0
2020-10-26 10:00:00,2730.0,2730.0,2719.39990234375,2726.39990234375,113.0
2020-10-26 10:05:00,2729.14990234375,2730.0,2724.0,2724.0,47.0
2020-10-26 10:10:00,2724.0,2724.949951171875,2719.39990234375,2724.949951171875,6.0
2020-10-26 10:15:00,2730.0,2730.0,2729.949951171875,2729.949951171875,11.0
2020-10-26 10:20:00,2729.949951171875,2729.949951171875,2729.699951171875,2729.699951171875,10.0
2020-10-26 10:25:00,2729.699951171875,2729.699951171875,2719.550048828125,2726.5,71.0
2020-10-26 10:30:00,2726.699951171875,2729.699951171875,2726.699951171875,2728.0,7.0
2020-10-26 10:35:00,2728.0,2728.0,2728.0,2728.0,13.0
2020-10-26 10:40:00,2723.85009765625,2723.85009765625,2716.199951171875,2716.199951171875,142.0
2020-10-26 10:45:00,2719.949951171875,2730.0,2716.199951171875,2730.0,131.0
2020-10-26 10:50:00,2720.0,2723.199951171875,2720.0,2721.050048828125,34.0
2020-10-26 10:55:00,2726.449951171875,2726.449951171875,2726.449951171875,2726.449951171875,7.0
2020-10-26 11:05:00,2719.300048828125,2719.300048828125,2719.300048828125,2719.300048828125,14.0
2020-10-26 11:10:00,2725.75,2725.75,2708.35009765625,2708.35009765625,172.0
2020-10-26 11:15:00,2697.39990234375,2697.39990234375,2690.5,2695.0,133.0
2020-10-26 11:20:00,2693.89990234375,2693.89990234375,2691.0,2691.0,0.0
2020-10-26 11:25:00,2694.0,2694.0,2691.550048828125,2691.75,44.0
2020-10-26 11:30:00,2692.0,2692.0,2691.75,2692.0,169.0
2020-10-26 11:35:00,2686.14990234375,2686.14990234375,2686.14990234375,2686.14990234375,0.0
2020-10-26 11:40:00,2688.0,2688.0,2685.949951171875,2688.0,116.0
2020-10-26 11:55:00,2691.699951171875,2696.300048828125,2691.699951171875,2694.75,73.0
2020-10-26 12:05:00,2694.75,2694.75,2690.39990234375,2690.39990234375,9.0
2020-10-26 12:10:00,2690.35009765625,2695.949951171875,2690.35009765625,2695.949951171875,46.0
2020-10-26 12:15:00,2682.800048828125,2682.800048828125,2682.199951171875,2682.199951171875,99.0
2020-10-26 12:20:00,2690.0,2693.64990234375,2689.64990234375,2690.0,88.0
2020-10-26 12:35:00,2685.14990234375,2685.14990234375,2685.14990234375,2685.14990234375,2.0
2020-10-26 12:40:00,2668.5,2668.699951171875,2644.14990234375,2648.0,453.0
2020-10-26 12:45:00,2650.0,2652.75,2645.0,2652.14990234375,85.0
2020-10-26 12:50:00,2645.050048828125,2648.39990234375,2644.10009765625,2644.10009765625,63.0
2020-10-26 12:55:00,2640.39990234375,2640.39990234375,2628.300048828125,2628.300048828125,36.0
2020-10-26 13:00:00,2622.0,2630.0,2620.39990234375,2621.5,9.0
2020-10-26 13:05:00,2621.0,2634.050048828125,2621.0,2626.85009765625,41.0
2020-10-26 13:10:00,2621.5,2647.0,2620.39990234375,2647.0,121.0
2020-10-26 13:15:00,2650.0,2650.0,2649.60009765625,2650.0,27.0
2020-10-26 13:20:00,2650.699951171875,2650.699951171875,2650.699951171875,2650.699951171875,4.0
2020-10-26 13:25:00,2651.449951171875,2651.449951171875,2650.0,2650.0,42.0
2020-10-26 13:30:00,2652.0,2652.0,2650.0,2650.300048828125,65.0
2020-10-26 13:35:00,2655.75,2656.0,2650.0,2650.0,69.0
2020-10-26 13:40:00,2656.949951171875,2656.949951171875,2656.949951171875,2656.949951171875,0.0
2020-10-26 13:50:00,2656.550048828125,2661.949951171875,2656.550048828125,2661.949951171875,23.0
2020-10-26 13:55:00,2662.0,2666.35009765625,2662.0,2662.300048828125,97.0
2020-10-26 14:05:00,2660.449951171875,2660.449951171875,2651.949951171875,2651.949951171875,12.0
2020-10-26 14:10:00,2652.300048828125,2652.300048828125,2652.300048828125,2652.300048828125,1.0
2020-10-26 14:15:00,2651.35009765625,2657.800048828125,2650.0,2657.800048828125,56.0
2020-10-26 14:20:00,2650.0,2650.0,2650.0,2650.0,26.0
2020-10-26 14:25:00,2650.0,2655.0,2650.0,2654.949951171875,35.0
2020-10-26 14:30:00,2655.0,2655.0,2655.0,2655.0,4.0
2020-10-26 14:35:00,2657.14990234375,2663.35009765625,2656.85009765625,2656.85009765625,33.0
2020-10-26 14:40:00,2650.10009765625,2650.10009765625,2650.10009765625,2650.10009765625,20.0
2020-10-26 14:45:00,2650.0,2658.35009765625,2650.0,2657.75,28.0
2020-10-26 14:50:00,2657.800048828125,2657.85009765625,2651.0,2651.0,35.0
2020-10-26 14:55:00,2656.550048828125,2658.89990234375,2656.550048828125,2658.89990234375,3.0
2020-10-26 15:00:00,2658.0,2662.89990234375,2658.0,2662.89990234375,10.0
2020-10-26 15:05:00,2659.89990234375,2660.0,2657.800048828125,2660.0,32.0
2020-10-26 15:10:00,2661.0,2661.0,2650.0,2650.0,132.0
2020-10-26 15:15:00,2650.0,2654.85009765625,2650.0,2650.0,134.0
2020-10-26 15:20:00,2650.0,2662.949951171875,2615.0,2643.60009765625,99.0
2020-10-26 15:25:00,2632.050048828125,2639.89990234375,2560.35009765625,2623.050048828125,428.0
2020-10-27 09:15:00,2655.0,2658.0,2551.10009765625,2606.0,0.0
2020-10-27 09:20:00,2606.0,2614.0,2601.64990234375,2601.64990234375,37.0
2020-10-27 09:25:00,2601.64990234375,2602.0,2572.85009765625,2581.85009765625,143.0
2020-10-27 09:30:00,2582.449951171875,2588.5,2582.449951171875,2588.5,28.0
2020-10-27 09:35:00,2580.0,2593.449951171875,2579.0,2593.449951171875,225.0
2020-10-27 09:40:00,2599.949951171875,2602.0,2593.89990234375,2602.0,114.0
2020-10-27 09:45:00,2602.0,2613.199951171875,2595.25,2612.050048828125,124.0
2020-10-27 09:50:00,2615.5,2630.0,2612.5,2612.5,177.0
2020-10-27 09:55:00,2622.85009765625,2622.85009765625,2606.39990234375,2617.39990234375,7.0
2020-10-27 10:00:00,2610.050048828125,2610.10009765625,2610.050048828125,2610.10009765625,3.0
2020-10-27 10:05:00,2606.60009765625,2606.60009765625,2606.60009765625,2606.60009765625,4.0
2020-10-27 10:10:00,2602.050048828125,2602.050048828125,2602.050048828125,2602.050048828125,22.0
2020-10-27 10:15:00,2607.449951171875,2607.449951171875,2603.0,2603.0,13.0
2020-10-27 10:20:00,2607.449951171875,2607.449951171875,2602.0,2602.0,35.0
2020-10-27 10:35:00,2603.050048828125,2603.050048828125,2603.050048828125,2603.050048828125,6.0
2020-10-27 10:40:00,2603.050048828125,2603.050048828125,2603.050048828125,2603.050048828125,1.0
2020-10-27 10:45:00,2603.050048828125,2603.050048828125,2600.25,2600.25,77.0
2020-10-27 10:50:00,2604.89990234375,2606.39990234375,2604.89990234375,2606.39990234375,0.0
2020-10-27 11:00:00,2602.699951171875,2602.75,2600.300048828125,2600.300048828125,4.0
2020-10-27 11:05:00,2600.39990234375,2600.39990234375,2600.39990234375,2600.39990234375,4.0
2020-10-27 11:10:00,2600.25,2600.25,2600.25,2600.25,47.0
2020-10-27 11:15:00,2600.39990234375,2600.39990234375,2600.25,2600.25,62.0
2020-10-27 11:20:00,2603.449951171875,2603.449951171875,2592.0,2592.0,403.0
2020-10-27 11:25:00,2590.050048828125,2590.050048828125,2575.300048828125,2584.10009765625,122.0
2020-10-27 11:30:00,2589.0,2597.64990234375,2589.0,2593.75,59.0
2020-10-27 11:35:00,2597.0,2597.0,2592.75,2592.75,14.0
2020-10-27 11:40:00,2592.300048828125,2592.300048828125,2592.300048828125,2592.300048828125,4.0
2020-10-27 11:45:00,2596.949951171875,2597.050048828125,2594.050048828125,2597.0,176.0
2020-10-27 11:50:00,2599.699951171875,2602.0,2599.699951171875,2602.0,3.0
2020-10-27 11:55:00,2600.0,2600.0,2592.300048828125,2592.300048828125,676.0
2020-10-27 12:10:00,2598.0,2603.699951171875,2598.0,2603.699951171875,19.0
2020-10-27 12:15:00,2606.949951171875,2615.0,2606.949951171875,2612.60009765625,92.0
2020-10-27 12:20:00,2615.0,2617.050048828125,2612.050048828125,2615.60009765625,41.0
2020-10-27 12:25:00,2615.0,2620.89990234375,2612.10009765625,2615.0,280.0
2020-10-27 12:30:00,2612.14990234375,2620.699951171875,2612.14990234375,2620.699951171875,128.0
2020-10-27 12:35:00,2615.199951171875,2620.699951171875,2612.550048828125,2612.550048828125,237.0
2020-10-27 12:40:00,2616.0,2623.0,2615.75,2620.449951171875,103.0
2020-10-27 12:45:00,2616.050048828125,2616.050048828125,2616.050048828125,2616.050048828125,1.0
2020-10-27 12:50:00,2616.050048828125,2622.050048828125,2615.050048828125,2617.949951171875,201.0
2020-10-27 12:55:00,2621.949951171875,2622.0,2618.75,2622.0,34.0
2020-10-27 13:00:00,2620.050048828125,2620.050048828125,2618.75,2618.75,21.0
2020-10-27 13:05:00,2622.0,2622.0,2618.800048828125,2620.050048828125,51.0
2020-10-27 13:10:00,2624.5,2630.0,2624.0,2624.050048828125,108.0
2020-10-27 13:15:00,2630.0,2630.0,2625.10009765625,2625.10009765625,0.0
2020-10-27 13:20:00,2630.35009765625,2631.0,2624.300048828125,2630.550048828125,105.0
2020-10-27 13:25:00,2634.85009765625,2635.0,2620.25,2620.25,115.0
2020-10-27 13:30:00,2620.25,2625.0,2620.25,2621.0,26.0
2020-10-27 13:35:00,2620.199951171875,2625.39990234375,2620.199951171875,2625.0,319.0
2020-10-27 13:40:00,2625.949951171875,2626.550048828125,2625.0,2626.550048828125,13.0
2020-10-27 13:45:00,2625.0,2625.0,2620.25,2622.050048828125,116.0
2020-10-27 13:50:00,2625.949951171875,2633.550048828125,2623.85009765625,2623.85009765625,96.0
2020-10-27 13:55:00,2625.550048828125,2632.199951171875,2623.85009765625,2627.60009765625,63.0
2020-10-27 14:05:00,2627.0,2630.75,2625.0,2625.0,212.0
2020-10-27 14:10:00,2628.0,2628.0,2625.0,2625.10009765625,37.0
2020-10-27 14:15:00,2628.89990234375,2631.39990234375,2626.10009765625,2628.050048828125,21.0
2020-10-27 14:20:00,2629.199951171875,2631.60009765625,2628.10009765625,2628.14990234375,15.0
2020-10-27 14:25:00,2625.39990234375,2625.39990234375,2625.0,2625.0,397.0
2020-10-27 14:30:00,2625.0,2627.64990234375,2625.0,2625.0,39.0
2020-10-27 14:35:00,2626.449951171875,2626.449951171875,2626.39990234375,2626.39990234375,0.0
2020-10-27 14:40:00,2627.300048828125,2627.300048828125,2625.0,2625.0,14.0
2020-10-27 14:45:00,2625.0,2627.449951171875,2625.0,2627.449951171875,99.0
2020-10-27 14:50:00,2630.35009765625,2635.35009765625,2628.050048828125,2630.14990234375,45.0
2020-10-27 14:55:00,2630.14990234375,2630.550048828125,2630.14990234375,2630.550048828125,7.0
2020-10-27 15:00:00,2630.0,2630.0,2625.0,2625.0,115.0
2020-10-27 15:05:00,2628.0,2628.75,2625.0,2625.0,120.0
2020-10-27 15:10:00,2625.0,2629.14990234375,2625.0,2628.35009765625,216.0
2020-10-27 15:15:00,2628.0,2628.0,2625.0,2625.0,289.0
2020-10-27 15:20:00,2626.10009765625,2628.0,2625.0,2628.0,243.0
2020-10-27 15:25:00,2628.35009765625,2646.449951171875,2625.0,2627.5,100.0
2020-10-28 09:15:00,2628.699951171875,2649.949951171875,2625.0,2628.75,0.0
2020-10-28 09:20:00,2628.75,2630.0,2628.75,2630.0,1409.0
2020-10-28 09:25:00,2650.0,2650.0,2640.0,2643.64990234375,0.0
2020-10-28 09:30:00,2640.0,2643.64990234375,2640.0,2643.64990234375,26.0
2020-10-28 09:35:00,2637.0,2643.5,2637.0,2643.5,46.0
2020-10-28 09:40:00,2635.39990234375,2640.0,2635.39990234375,2635.949951171875,29.0
2020-10-28 09:45:00,2639.89990234375,2643.0,2639.89990234375,2643.0,26.0
2020-10-28 09:50:00,2643.0,2645.35009765625,2642.64990234375,2645.35009765625,48.0
2020-10-28 09:55:00,2645.35009765625,2650.800048828125,2643.0,2648.0,341.0
2020-10-28 10:00:00,2654.949951171875,2668.75,2652.14990234375,2667.89990234375,178.0
2020-10-28 10:05:00,2665.0,2690.0,2665.0,2685.10009765625,445.0
2020-10-28 10:10:00,2690.0,2690.0,2679.25,2683.5,231.0
2020-10-28 10:15:00,2685.0,2693.699951171875,2683.300048828125,2686.449951171875,178.0
2020-10-28 10:20:00,2686.449951171875,2700.0,2686.449951171875,2700.0,518.0
2020-10-28 10:25:00,2700.0,2700.0,2691.25,2698.949951171875,306.0
2020-10-28 10:30:00,2691.0,2691.050048828125,2690.949951171875,2691.0,49.0
2020-10-28 10:35:00,2695.60009765625,2696.39990234375,2651.550048828125,2656.550048828125,256.0
2020-10-28 10:40:00,2655.5,2674.0,2655.5,2673.14990234375,88.0
2020-10-28 10:45:00,2671.89990234375,2671.89990234375,2671.0,2671.89990234375,28.0
2020-10-28 10:50:00,2671.89990234375,2674.0,2670.0,2674.0,59.0
2020-10-28 10:55:00,2673.0,2673.0,2662.60009765625,2662.60009765625,21.0
2020-10-28 11:00:00,2662.550048828125,2665.800048828125,2651.550048828125,2660.35009765625,322.0
2020-10-28 11:05:00,2660.300048828125,2668.0,2658.0,2668.0,127.0
2020-10-28 11:10:00,2669.199951171875,2672.0,2655.550048828125,2665.39990234375,65.0
2020-10-28 11:15:00,2670.0,2672.39990234375,2669.949951171875,2672.39990234375,17.0
2020-10-28 11:20:00,2673.949951171875,2673.949951171875,2668.050048828125,2672.0,47.0
2020-10-28 11:25:00,2674.0,2674.0,2673.949951171875,2673.949951171875,0.0
2020-10-28 11:30:00,2681.199951171875,2688.0,2681.199951171875,2686.050048828125,224.0
2020-10-28 11:35:00,2700.0,2700.0,2693.300048828125,2693.300048828125,282.0
2020-10-28 11:40:00,2693.0,2700.0,2692.0,2692.0,59.0
2020-10-28 11:45:00,2682.300048828125,2682.300048828125,2682.300048828125,2682.300048828125,15.0
2020-10-28 11:50:00,2681.050048828125,2693.64990234375,2681.050048828125,2685.89990234375,37.0
2020-10-28 11:55:00,2693.949951171875,2693.949951171875,2685.89990234375,2688.0,21.0
2020-10-28 12:00:00,2697.550048828125,2698.89990234375,2689.699951171875,2698.89990234375,117.0
2020-10-28 12:05:00,2698.5,2698.5,2696.949951171875,2696.949951171875,22.0
2020-10-28 12:10:00,2696.949951171875,2696.949951171875,2690.0,2696.699951171875,68.0
2020-10-28 12:15:00,2696.699951171875,2696.699951171875,2681.050048828125,2693.550048828125,343.0
2020-10-28 12:20:00,2690.199951171875,2690.199951171875,2690.199951171875,2690.199951171875,4.0
2020-10-28 12:25:00,2689.699951171875,2689.699951171875,2689.699951171875,2689.699951171875,0.0
2020-10-28 12:30:00,2683.5,2683.5,2678.0,2678.0,38.0
2020-10-28 12:35:00,2681.89990234375,2685.89990234375,2680.0,2685.89990234375,32.0
2020-10-28 12:40:00,2685.0,2685.0,2678.050048828125,2678.050048828125,16.0
2020-10-28 12:45:00,2674.39990234375,2674.39990234375,2664.050048828125,2664.050048828125,37.0
2020-10-28 12:50:00,2669.89990234375,2669.89990234375,2659.949951171875,2660.0,125.0
2020-10-28 12:55:00,2670.0,2679.949951171875,2668.25,2670.85009765625,32.0
2020-10-28 13:00:00,2667.949951171875,2673.89990234375,2665.0,2673.89990234375,57.0
2020-10-28 13:05:00,2665.64990234375,2665.64990234375,2662.800048828125,2662.800048828125,12.0
2020-10-28 13:10:00,2671.60009765625,2671.60009765625,2671.60009765625,2671.60009765625,1.0
2020-10-28 13:15:00,2672.39990234375,2672.39990234375,2672.39990234375,2672.39990234375,3.0
2020-10-28 13:20:00,2671.550048828125,2677.449951171875,2671.550048828125,2677.0,11.0
2020-10-28 13:25:00,2669.550048828125,2669.550048828125,2663.60009765625,2663.60009765625,21.0
2020-10-28 13:30:00,2679.0,2680.0,2679.0,2680.0,42.0
2020-10-28 13:35:00,2671.10009765625,2676.0,2670.85009765625,2670.85009765625,7.0
2020-10-28 13:40:00,2680.0,2680.0,2678.800048828125,2678.800048828125,41.0
2020-10-28 13:45:00,2675.0,2675.0,2670.0,2670.0,26.0
2020-10-28 13:50:00,2670.0,2681.85009765625,2670.0,2670.10009765625,35.0
2020-10-28 13:55:00,2670.050048828125,2678.0,2670.050048828125,2678.0,15.0
2020-10-28 14:05:00,2650.0,2655.0,2646.14990234375,2654.14990234375,891.0
2020-10-28 14:10:00,2662.550048828125,2662.550048828125,2662.550048828125,2662.550048828125,17.0
2020-10-28 14:15:00,2661.60009765625,2661.60009765625,2655.0,2655.0,0.0
2020-10-28 14:20:00,2657.800048828125,2661.64990234375,2653.800048828125,2661.64990234375,16.0
2020-10-28 14:30:00,2660.050048828125,2660.050048828125,2660.0,2660.0,30.0
2020-10-28 14:35:00,2654.60009765625,2660.0,2654.60009765625,2660.0,33.0
2020-10-28 14:40:00,2665.0,2665.0,2650.0,2650.0,67.0
2020-10-28 14:45:00,2661.949951171875,2663.89990234375,2661.949951171875,2663.89990234375,0.0
2020-10-28 14:50:00,2665.0,2665.0,2665.0,2665.0,29.0
2020-10-28 14:55:00,2665.0,2665.0,2665.0,2665.0,0.0
2020-10-28 15:00:00,2665.0,2665.0,2659.25,2665.0,19.0
2020-10-28 15:05:00,2664.949951171875,2671.85009765625,2662.050048828125,2670.0,86.0
2020-10-28 15:10:00,2661.60009765625,2670.949951171875,2661.60009765625,2670.0,120.0
2020-10-28 15:15:00,2670.0,2670.0,2663.10009765625,2669.64990234375,61.0
2020-10-28 15:20:00,2668.0,2669.5,2666.35009765625,2666.35009765625,66.0
2020-10-28 15:25:00,2666.35009765625,2670.0,2650.050048828125,2668.89990234375,0.0
2020-10-29 09:15:00,2700.0,2700.0,2654.0,2660.0,130.0
2020-10-29 09:20:00,2650.449951171875,2659.60009765625,2646.0,2648.85009765625,179.0
2020-10-29 09:25:00,2649.0,2649.0,2640.0,2641.0,363.0
2020-10-29 09:30:00,2642.64990234375,2650.0,2641.0,2650.0,0.0
2020-10-29 09:35:00,2649.550048828125,2658.550048828125,2649.550048828125,2655.35009765625,75.0
2020-10-29 09:40:00,2657.050048828125,2657.89990234375,2653.5,2657.89990234375,10.0
2020-10-29 09:45:00,2659.10009765625,2660.0,2659.10009765625,2660.0,42.0
2020-10-29 09:50:00,2658.0,2658.0,2650.550048828125,2656.449951171875,0.0
2020-10-29 09:55:00,2650.550048828125,2650.550048828125,2649.5,2649.5,21.0
2020-10-29 10:05:00,2657.39990234375,2660.0,2657.39990234375,2660.0,3.0
2020-10-29 10:15:00,2660.0,2660.0,2660.0,2660.0,0.0
2020-10-29 10:20:00,2658.800048828125,2660.0,2658.800048828125,2660.0,4.0
2020-10-29 10:25:00,2660.0,2663.89990234375,2660.0,2663.89990234375,29.0
2020-10-29 10:35:00,2663.949951171875,2663.949951171875,2663.949951171875,2663.949951171875,0.0
2020-10-29 10:40:00,2668.800048828125,2672.300048828125,2668.800048828125,2672.300048828125,20.0
2020-10-29 10:45:00,2669.949951171875,2669.949951171875,2669.949951171875,2669.949951171875,0.0
2020-10-29 10:50:00,2663.0,2668.5,2663.0,2668.5,6.0
2020-10-29 10:55:00,2669.89990234375,2669.89990234375,2669.89990234375,2669.89990234375,5.0
2020-10-29 11:00:00,2670.0,2670.0,2670.0,2670.0,4.0
2020-10-29 11:05:00,2672.10009765625,2672.10009765625,2672.10009765625,2672.10009765625,23.0
2020-10-29 11:10:00,2671.5,2675.0,2671.5,2672.10009765625,74.0
2020-10-29 11:15:00,2669.89990234375,2669.89990234375,2669.89990234375,2669.89990234375,39.0
2020-10-29 11:25:00,2669.800048828125,2669.89990234375,2669.800048828125,2669.89990234375,21.0
2020-10-29 11:30:00,2669.89990234375,2670.0,2669.89990234375,2670.0,0.0
2020-10-29 11:35:00,2668.949951171875,2668.949951171875,2658.550048828125,2658.550048828125,59.0
2020-10-29 11:40:00,2651.75,2651.75,2651.75,2651.75,0.0
2020-10-29 11:45:00,2650.0,2650.0,2650.0,2650.0,117.0
2020-10-29 11:50:00,2650.0,2655.0,2650.0,2655.0,32.0
2020-10-29 11:55:00,2667.25,2667.25,2667.25,2667.25,12.0
2020-10-29 12:00:00,2669.699951171875,2669.699951171875,2650.550048828125,2650.550048828125,59.0
2020-10-29 12:05:00,2659.5,2668.199951171875,2659.5,2668.199951171875,29.0
2020-10-29 12:10:00,2669.0,2669.800048828125,2669.0,2669.800048828125,9.0
2020-10-29 12:15:00,2669.699951171875,2669.699951171875,2669.699951171875,2669.699951171875,11.0
2020-10-29 12:20:00,2669.699951171875,2669.699951171875,2667.050048828125,2667.050048828125,19.0
2020-10-29 12:25:00,2669.800048828125,2669.800048828125,2665.85009765625,2665.85009765625,19.0
2020-10-29 12:30:00,2664.89990234375,2664.89990234375,2664.89990234375,2664.89990234375,10.0
2020-10-29 12:35:00,2660.300048828125,2661.699951171875,2652.300048828125,2661.699951171875,64.0
2020-10-29 12:40:00,2665.0,2680.0,2665.0,2677.050048828125,174.0
2020-10-29 12:45:00,2672.75,2672.75,2662.89990234375,2662.89990234375,51.0
2020-10-29 13:05:00,2668.10009765625,2668.10009765625,2668.10009765625,2668.10009765625,2.0
2020-10-29 13:10:00,2665.0,2665.0,2665.0,2665.0,4.0
2020-10-29 13:20:00,2662.449951171875,2662.449951171875,2662.449951171875,2662.449951171875,7.0
2020-10-29 13:25:00,2668.14990234375,2668.14990234375,2668.14990234375,2668.14990234375,8.0
2020-10-29 13:40:00,2669.449951171875,2669.449951171875,2669.25,2669.25,12.0
2020-10-29 13:45:00,2665.64990234375,2669.25,2665.64990234375,2669.25,17.0
2020-10-29 13:50:00,2669.25,2671.449951171875,2669.25,2670.10009765625,47.0
2020-10-29 13:55:00,2674.699951171875,2674.699951171875,2672.39990234375,2672.39990234375,4.0
2020-10-29 14:00:00,2670.449951171875,2675.64990234375,2670.0,2675.64990234375,56.0
2020-10-29 14:05:00,2674.949951171875,2680.0,2674.949951171875,2680.0,66.0
2020-10-29 14:10:00,2679.14990234375,2682.0,2679.14990234375,2682.0,6.0
2020-10-29 14:15:00,2678.050048828125,2678.050048828125,2678.0,2678.0,5.0
2020-10-29 14:20:00,2679.949951171875,2683.800048828125,2679.949951171875,2683.800048828125,5.0
2020-10-29 14:30:00,2681.0,2681.0,2678.10009765625,2678.10009765625,65.0
2020-10-29 14:35:00,2678.0,2683.25,2678.0,2678.0,8.0
2020-10-29 14:40:00,2678.0,2694.35009765625,2678.0,2690.0,99.0
2020-10-29 14:45:00,2693.64990234375,2698.449951171875,2690.0,2696.199951171875,43.0
2020-10-29 14:50:00,2689.35009765625,2690.949951171875,2683.699951171875,2683.699951171875,13.0
2020-10-29 14:55:00,2690.949951171875,2696.550048828125,2652.10009765625,2660.0,512.0
2020-10-29 15:00:00,2660.75,2667.0,2660.75,2667.0,0.0
2020-10-29 15:05:00,2668.0,2668.0,2658.85009765625,2658.85009765625,19.0
2020-10-29 15:10:00,2657.300048828125,2657.89990234375,2649.699951171875,2649.85009765625,51.0
2020-10-29 15:15:00,2649.89990234375,2649.89990234375,2644.5,2644.5,34.0
2020-10-29 15:20:00,2646.85009765625,2647.199951171875,2633.050048828125,2640.5,85.0
2020-10-29 15:25:00,2625.0,2650.0,2625.0,2650.0,110.0
